2
2483
2 1 388411760
3 1 932763695
4 3 826484836
5 1 238167656
6 2 359112306
7 1 401106438
8 3 246291819
9 5 668091484
10 6 860336647
11 3 666323975
12 2 190413345
13 6 922605156
14 11 897155183
15 10 922605156
16 2 845822
17 9 477044285
18 14 639088769
19 1 799314912
20 7 636917046
21 11 845822
22 15 190413345
23 22 317610556
24 10 826484836
25 7 238167656
26 4 401106438
27 15 161899542
28 2 866224960
29 9 407903660
30 15 885916286
31 7 238167656
32 15 196192198
33 32 866224960
34 4 478265408
35 2 84278969
36 19 897155183
37 3 866224960
38 1 845822
39 27 676280324
40 32 860336647
41 5 666323975
42 29 84278969
43 20 477044285
44 3 711638738
45 35 752555823
46 21 932763695
47 36 364579093
48 21 636917046
49 36 799314912
50 4 161899542
51 19 668091484
52 32 636917046
53 31 416725310
54 46 317610556
55 7 190413345
56 44 769529166
57 25 636917046
58 49 190413345
59 2 132860879
60 9 190413345
61 56 666323975
62 48 666323975
63 39 401106438
64 33 317610556
65 20 196192198
66 9 416725310
67 29 932763695
68 14 190413345
69 6 565091489
70 30 124652316
71 3 359112306
72 13 238167656
73 9 364579093
74 14 636917046
75 59 676280324
76 67 124652316
77 22 238167656
78 2 866224960
79 12 860336647
80 30 972132830
81 62 132860879
82 59 769529166
83 45 752555823
84 2 666323975
85 78 84278969
86 51 642891885
87 29 676280324
88 13 124652316
89 7 885916286
90 67 359112306
91 27 666323975
92 34 576419510
93 20 238167656
94 53 132860879
95 63 359112306
96 85 610285292
97 20 838295346
98 34 140942728
99 62 359112306
100 20 478265408
101 95 799314912
102 67 932763695
103 43 838295346
104 43 161899542
105 43 752555823
106 101 184602086
107 105 639088769
108 48 416725310
109 59 359112306
110 30 523904782
111 24 972132830
112 15 478265408
113 64 388411760
114 101 885916286
115 52 826484836
116 102 161899542
117 21 190413345
118 51 838295346
119 64 184602086
120 33 124652316
121 21 885916286
122 15 639088769
123 70 84278969
124 80 388411760
125 61 184602086
126 124 388411760
127 54 75769087
128 12 196192198
129 29 972132830
130 23 565091489
131 87 885916286
132 114 759288627
133 81 639088769
134 71 610285292
135 16 639088769
136 130 598605170
137 95 804147677
138 45 804147677
139 75 196192198
140 106 140942728
141 24 132860879
142 98 576419510
143 111 196192198
144 85 359112306
145 61 860336647
146 128 38030117
147 39 196192198
148 90 364579093
149 120 124652316
150 102 845822
151 143 246291819
152 36 897155183
153 64 668091484
154 111 885916286
155 90 161899542
156 38 124652316
157 106 759288627
158 40 184602086
159 118 364579093
160 103 769529166
161 128 769529166
162 23 826484836
163 117 140942728
164 162 668091484
165 74 38030117
166 34 865110764
167 98 190413345
168 167 401106438
169 17 922605156
170 153 866224960
171 170 407903660
172 26 190413345
173 91 897155183
174 168 642891885
175 155 769529166
176 86 523904782
177 42 860336647
178 88 388411760
179 95 711638738
180 130 610285292
181 155 711638738
182 104 860336647
183 10 388411760
184 5 401106438
185 155 711638738
186 87 184602086
187 121 38030117
188 73 140942728
189 52 897155183
190 78 523904782
191 152 759288627
192 39 666323975
193 5 416725310
194 66 804147677
195 38 190413345
196 78 407903660
197 24 364579093
198 117 565091489
199 189 642891885
200 77 477044285
201 174 132860879
202 105 668091484
203 103 364579093
204 1 799314912
205 134 140942728
206 110 769529166
207 67 866224960
208 40 401106438
209 170 238167656
210 27 364579093
211 165 642891885
212 202 359112306
213 137 75769087
214 117 196192198
215 42 238167656
216 135 642891885
217 170 639088769
218 197 190413345
219 56 826484836
220 2 676280324
221 111 897155183
222 178 598605170
223 162 639088769
224 113 576419510
225 176 161899542
226 212 897155183
227 197 769529166
228 186 75769087
229 132 190413345
230 158 922605156
231 77 416725310
232 181 359112306
233 32 860336647
234 43 666323975
235 77 804147677
236 66 84278969
237 47 666323975
238 9 38030117
239 224 364579093
240 45 759288627
241 97 84278969
242 93 711638738
243 161 759288627
244 166 932763695
245 31 565091489
246 58 668091484
247 79 865110764
248 54 364579093
249 65 477044285
250 100 866224960
251 131 246291819
252 156 610285292
253 207 84278969
254 191 161899542
255 11 804147677
256 132 246291819
257 74 610285292
258 248 246291819
259 204 124652316
260 81 132860879
261 185 84278969
262 223 865110764
263 228 676280324
264 59 769529166
265 54 752555823
266 162 598605170
267 48 598605170
268 210 860336647
269 234 759288627
270 15 804147677
271 250 897155183
272 75 75769087
273 227 804147677
274 31 184602086
275 205 401106438
276 31 642891885
277 177 388411760
278 141 317610556
279 147 972132830
280 204 132860879
281 237 838295346
282 177 140942728
283 101 140942728
284 159 598605170
285 272 184602086
286 126 598605170
287 179 636917046
288 112 84278969
289 70 416725310
290 99 140942728
291 39 838295346
292 105 866224960
293 273 388411760
294 227 576419510
295 58 885916286
296 29 865110764
297 25 666323975
298 213 38030117
299 208 388411760
300 49 759288627
301 249 401106438
302 67 132860879
303 50 388411760
304 226 161899542
305 293 38030117
306 188 84278969
307 210 759288627
308 168 769529166
309 87 401106438
310 298 860336647
311 180 565091489
312 168 565091489
313 225 190413345
314 300 401106438
315 23 711638738
316 206 932763695
317 61 523904782
318 285 804147677
319 227 610285292
320 264 799314912
321 313 401106438
322 110 317610556
323 169 238167656
324 114 359112306
325 266 75769087
326 221 478265408
327 225 132860879
328 111 666323975
329 239 860336647
330 281 885916286
331 292 845822
332 298 401106438
333 230 769529166
334 157 972132830
335 111 932763695
336 212 364579093
337 74 866224960
338 273 676280324
339 51 885916286
340 215 401106438
341 149 140942728
342 33 932763695
343 264 132860879
344 31 238167656
345 274 477044285
346 165 639088769
347 162 598605170
348 166 752555823
349 112 752555823
350 116 636917046
351 111 636917046
352 113 838295346
353 289 407903660
354 25 124652316
355 248 642891885
356 293 860336647
357 93 845822
358 122 388411760
359 127 565091489
360 78 642891885
361 99 885916286
362 278 639088769
363 261 642891885
364 53 668091484
365 150 84278969
366 149 759288627
367 307 317610556
368 296 184602086
369 182 799314912
370 149 769529166
371 349 922605156
372 198 838295346
373 22 752555823
374 58 478265408
375 21 359112306
376 271 407903660
377 170 668091484
378 137 124652316
379 177 523904782
380 269 666323975
381 338 416725310
382 299 196192198
383 327 196192198
384 368 826484836
385 162 407903660
386 140 364579093
387 272 190413345
388 313 922605156
389 354 897155183
390 241 388411760
391 262 407903660
392 368 38030117
393 241 922605156
394 8 922605156
395 56 246291819
396 67 804147677
397 305 359112306
398 64 523904782
399 142 388411760
400 205 610285292
401 77 752555823
402 121 838295346
403 150 838295346
404 158 610285292
405 212 676280324
406 185 860336647
407 279 576419510
408 26 866224960
409 367 238167656
410 402 639088769
411 291 804147677
412 408 668091484
413 50 838295346
414 57 75769087
415 139 38030117
416 236 642891885
417 161 477044285
418 265 84278969
419 203 523904782
420 270 897155183
421 244 711638738
422 57 804147677
423 316 317610556
424 241 897155183
425 190 359112306
426 24 610285292
427 155 826484836
428 156 639088769
429 363 124652316
430 361 364579093
431 144 196192198
432 425 196192198
433 148 639088769
434 293 885916286
435 107 639088769
436 91 416725310
437 404 932763695
438 215 388411760
439 327 140942728
440 143 132860879
441 285 246291819
442 156 885916286
443 141 401106438
444 356 388411760
445 127 576419510
446 30 565091489
447 311 845822
448 129 364579093
449 193 885916286
450 381 838295346
451 221 84278969
452 320 865110764
453 149 140942728
454 303 610285292
455 221 865110764
456 144 866224960
457 172 246291819
458 456 860336647
459 239 196192198
460 399 759288627
461 339 799314912
462 400 759288627
463 3 190413345
464 387 140942728
465 414 666323975
466 372 161899542
467 286 75769087
468 168 523904782
469 361 84278969
470 284 84278969
471 59 666323975
472 160 184602086
473 310 75769087
474 283 38030117
475 182 666323975
476 49 711638738
477 244 565091489
478 120 75769087
479 471 639088769
480 369 752555823
481 358 636917046
482 67 636917046
483 125 238167656
484 127 161899542
485 319 388411760
486 120 246291819
487 143 196192198
488 244 388411760
489 178 799314912
490 220 838295346
491 265 407903660
492 384 388411760
493 90 132860879
494 20 246291819
495 13 932763695
496 307 865110764
497 496 196192198
498 308 838295346
499 211 610285292
500 187 140942728
501 314 865110764
502 492 416725310
503 350 636917046
504 147 885916286
505 416 184602086
506 482 401106438
507 239 359112306
508 190 711638738
509 118 523904782
510 141 865110764
511 51 364579093
512 422 866224960
513 288 922605156
514 224 668091484
515 367 140942728
516 69 140942728
517 355 668091484
518 451 932763695
519 249 565091489
520 380 576419510
521 345 865110764
522 413 317610556
523 54 799314912
524 364 838295346
525 412 598605170
526 126 668091484
527 520 826484836
528 519 359112306
529 76 897155183
530 27 478265408
531 395 359112306
532 195 132860879
533 310 478265408
534 69 401106438
535 162 838295346
536 165 598605170
537 254 826484836
538 28 636917046
539 253 161899542
540 263 866224960
541 293 759288627
542 138 639088769
543 11 676280324
544 255 75769087
545 80 826484836
546 170 845822
547 319 759288627
548 157 711638738
549 412 866224960
550 423 184602086
551 265 865110764
552 468 196192198
553 471 478265408
554 419 84278969
555 190 75769087
556 532 565091489
557 137 885916286
558 493 799314912
559 6 610285292
560 515 838295346
561 344 388411760
562 405 523904782
563 488 132860879
564 70 860336647
565 94 238167656
566 484 317610556
567 93 711638738
568 524 478265408
569 332 196192198
570 25 140942728
571 305 668091484
572 72 804147677
573 433 84278969
574 160 565091489
575 530 897155183
576 511 759288627
577 413 401106438
578 176 636917046
579 444 124652316
580 150 845822
581 456 668091484
582 554 317610556
583 332 865110764
584 39 752555823
585 479 38030117
586 369 407903660
587 477 317610556
588 424 246291819
589 501 838295346
590 235 565091489
591 147 407903660
592 23 676280324
593 23 666323975
594 301 38030117
595 298 610285292
596 65 478265408
597 206 897155183
598 78 565091489
599 518 161899542
600 256 576419510
601 23 38030117
602 417 576419510
603 173 922605156
604 248 668091484
605 261 826484836
606 13 759288627
607 464 636917046
608 180 769529166
609 159 317610556
610 84 161899542
611 485 598605170
612 4 598605170
613 49 317610556
614 531 388411760
615 401 184602086
616 362 676280324
617 469 407903660
618 41 478265408
619 366 132860879
620 535 838295346
621 619 565091489
622 465 865110764
623 80 642891885
624 571 769529166
625 526 885916286
626 294 860336647
627 528 610285292
628 374 676280324
629 590 359112306
630 418 972132830
631 465 922605156
632 331 610285292
633 162 642891885
634 596 972132830
635 310 407903660
636 490 752555823
637 466 124652316
638 153 359112306
639 632 478265408
640 293 804147677
641 411 75769087
642 99 752555823
643 335 477044285
644 492 161899542
645 280 804147677
646 545 759288627
647 542 845822
648 33 416725310
649 214 477044285
650 202 666323975
651 284 826484836
652 240 38030117
653 96 140942728
654 626 184602086
655 147 642891885
656 618 238167656
657 223 711638738
658 283 610285292
659 245 752555823
660 249 769529166
661 305 190413345
662 211 932763695
663 175 364579093
664 344 478265408
665 361 885916286
666 393 238167656
667 496 523904782
668 467 238167656
669 208 752555823
670 298 845822
671 434 38030117
672 486 359112306
673 116 238167656
674 475 132860879
675 668 565091489
676 310 804147677
677 609 246291819
678 413 598605170
679 284 84278969
680 250 196192198
681 212 565091489
682 668 75769087
683 414 84278969
684 648 636917046
685 468 897155183
686 224 161899542
687 261 388411760
688 305 523904782
689 432 161899542
690 257 196192198
691 222 161899542
692 390 140942728
693 340 711638738
694 516 161899542
695 567 642891885
696 615 364579093
697 32 922605156
698 468 238167656
699 116 826484836
700 596 759288627
701 439 38030117
702 456 972132830
703 216 668091484
704 485 416725310
705 14 676280324
706 17 932763695
707 581 972132830
708 271 317610556
709 72 845822
710 548 246291819
711 636 238167656
712 338 769529166
713 229 972132830
714 703 804147677
715 55 922605156
716 215 610285292
717 327 565091489
718 53 642891885
719 630 639088769
720 322 132860879
721 101 84278969
722 573 190413345
723 674 845822
724 483 922605156
725 3 642891885
726 584 885916286
727 683 897155183
728 647 838295346
729 108 804147677
730 637 922605156
731 440 190413345
732 392 196192198
733 663 865110764
734 191 364579093
735 699 799314912
736 56 932763695
737 173 523904782
738 575 196192198
739 100 860336647
740 65 711638738
741 120 922605156
742 205 124652316
743 110 38030117
744 109 477044285
745 693 75769087
746 262 190413345
747 517 639088769
748 725 184602086
749 728 804147677
750 289 196192198
751 645 885916286
752 623 364579093
753 288 565091489
754 669 140942728
755 462 140942728
756 401 523904782
757 422 972132830
758 661 196192198
759 87 860336647
760 574 196192198
761 368 84278969
762 184 666323975
763 285 576419510
764 143 416725310
765 155 639088769
766 248 668091484
767 17 972132830
768 361 826484836
769 662 132860879
770 726 676280324
771 273 639088769
772 483 478265408
773 622 804147677
774 668 140942728
775 744 636917046
776 14 317610556
777 574 860336647
778 492 639088769
779 392 196192198
780 41 161899542
781 580 759288627
782 299 885916286
783 586 401106438
784 371 666323975
785 567 932763695
786 77 897155183
787 99 897155183
788 446 359112306
789 437 576419510
790 227 639088769
791 107 922605156
792 99 752555823
793 320 364579093
794 717 161899542
795 570 759288627
796 76 769529166
797 108 388411760
798 244 598605170
799 345 388411760
800 157 711638738
801 716 666323975
802 260 711638738
803 239 752555823
804 164 932763695
805 718 897155183
806 689 124652316
807 580 407903660
808 201 897155183
809 654 416725310
810 295 477044285
811 789 972132830
812 398 401106438
813 491 769529166
814 482 190413345
815 255 161899542
816 334 124652316
817 733 598605170
818 661 866224960
819 221 826484836
820 623 885916286
821 671 769529166
822 147 161899542
823 79 184602086
824 437 666323975
825 665 75769087
826 760 845822
827 210 866224960
828 534 132860879
829 622 642891885
830 505 75769087
831 728 401106438
832 660 799314912
833 83 38030117
834 131 38030117
835 572 642891885
836 91 190413345
837 196 826484836
838 535 184602086
839 354 416725310
840 532 523904782
841 265 636917046
842 406 666323975
843 217 922605156
844 696 826484836
845 737 478265408
846 110 759288627
847 68 804147677
848 486 598605170
849 567 860336647
850 73 845822
851 681 477044285
852 96 75769087
853 413 845822
854 340 860336647
855 655 639088769
856 509 838295346
857 422 897155183
858 623 124652316
859 816 238167656
860 695 184602086
861 645 238167656
862 772 317610556
863 660 388411760
864 588 196192198
865 48 666323975
866 17 238167656
867 518 317610556
868 219 317610556
869 535 196192198
870 125 388411760
871 20 84278969
872 424 317610556
873 625 401106438
874 314 238167656
875 273 140942728
876 173 845822
877 802 799314912
878 107 401106438
879 806 838295346
880 98 826484836
881 679 922605156
882 446 477044285
883 787 184602086
884 745 972132830
885 171 478265408
886 333 866224960
887 1 124652316
888 540 668091484
889 467 364579093
890 392 838295346
891 571 865110764
892 222 238167656
893 812 576419510
894 639 477044285
895 739 639088769
896 708 676280324
897 742 752555823
898 695 676280324
899 236 860336647
900 105 238167656
901 817 140942728
902 413 711638738
903 796 407903660
904 565 866224960
905 660 838295346
906 117 666323975
907 609 407903660
908 381 407903660
909 17 845822
910 450 885916286
911 265 75769087
912 243 826484836
913 67 565091489
914 115 897155183
915 430 666323975
916 29 636917046
917 645 565091489
918 44 711638738
919 29 885916286
920 742 922605156
921 780 401106438
922 713 922605156
923 4 364579093
924 540 75769087
925 440 826484836
926 881 838295346
927 839 972132830
928 630 565091489
929 217 184602086
930 93 598605170
931 25 860336647
932 424 238167656
933 656 388411760
934 757 190413345
935 104 598605170
936 636 860336647
937 325 799314912
938 521 190413345
939 570 401106438
940 493 845822
941 387 752555823
942 705 668091484
943 120 317610556
944 473 132860879
945 831 866224960
946 284 769529166
947 636 866224960
948 700 140942728
949 758 407903660
950 892 317610556
951 537 132860879
952 719 922605156
953 662 711638738
954 7 752555823
955 292 184602086
956 446 238167656
957 113 711638738
958 675 161899542
959 164 845822
960 141 866224960
961 237 932763695
962 719 598605170
963 566 845822
964 199 132860879
965 656 676280324
966 204 972132830
967 118 238167656
968 312 642891885
969 304 523904782
970 437 140942728
971 166 972132830
972 621 636917046
973 356 642891885
974 219 897155183
975 173 132860879
976 466 364579093
977 733 565091489
978 95 190413345
979 464 196192198
980 119 769529166
981 463 860336647
982 129 668091484
983 396 238167656
984 23 804147677
985 492 576419510
986 365 477044285
987 388 132860879
988 914 860336647
989 39 84278969
990 424 401106438
991 20 84278969
992 40 576419510
993 807 359112306
994 502 826484836
995 366 922605156
996 653 190413345
997 39 826484836
998 542 161899542
999 593 922605156
1000 568 897155183
1001 746 639088769
1002 629 769529166
1003 818 866224960
1004 573 407903660
1005 264 124652316
1006 436 132860879
1007 435 478265408
1008 271 407903660
1009 51 184602086
1010 910 711638738
1011 872 668091484
1012 498 75769087
1013 132 799314912
1014 934 972132830
1015 45 972132830
1016 15 161899542
1017 874 668091484
1018 738 359112306
1019 501 184602086
1020 68 752555823
1021 130 666323975
1022 217 598605170
1023 935 885916286
1024 704 845822
1025 782 759288627
1026 701 897155183
1027 285 238167656
1028 192 922605156
1029 495 140942728
1030 124 610285292
1031 548 196192198
1032 11 161899542
1033 558 238167656
1034 852 238167656
1035 280 972132830
1036 147 364579093
1037 866 922605156
1038 316 865110764
1039 764 407903660
1040 298 866224960
1041 564 565091489
1042 63 866224960
1043 238 639088769
1044 789 769529166
1045 769 804147677
1046 368 84278969
1047 566 364579093
1048 1025 401106438
1049 1037 576419510
1050 59 407903660
1051 120 865110764
1052 790 84278969
1053 21 860336647
1054 684 639088769
1055 541 711638738
1056 650 711638738
1057 122 407903660
1058 509 124652316
1059 636 407903660
1060 828 759288627
1061 946 676280324
1062 993 865110764
1063 869 865110764
1064 374 246291819
1065 272 666323975
1066 121 359112306
1067 607 598605170
1068 278 897155183
1069 583 769529166
1070 650 639088769
1071 1011 359112306
1072 541 668091484
1073 917 799314912
1074 997 865110764
1075 405 477044285
1076 585 565091489
1077 922 401106438
1078 860 826484836
1079 838 639088769
1080 927 161899542
1081 336 676280324
1082 541 666323975
1083 54 752555823
1084 111 676280324
1085 65 676280324
1086 825 598605170
1087 862 866224960
1088 240 38030117
1089 732 190413345
1090 837 799314912
1091 537 804147677
1092 783 478265408
1093 642 407903660
1094 1048 359112306
1095 507 161899542
1096 884 642891885
1097 525 523904782
1098 408 478265408
1099 268 38030117
1100 580 38030117
1101 359 866224960
1102 646 752555823
1103 686 477044285
1104 662 759288627
1105 808 860336647
1106 122 238167656
1107 423 478265408
1108 220 407903660
1109 422 523904782
1110 557 140942728
1111 251 401106438
1112 320 759288627
1113 607 407903660
1114 209 636917046
1115 500 246291819
1116 736 860336647
1117 558 317610556
1118 803 860336647
1119 277 860336647
1120 394 865110764
1121 787 246291819
1122 690 610285292
1123 735 759288627
1124 347 598605170
1125 887 769529166
1126 677 416725310
1127 130 576419510
1128 272 759288627
1129 1047 161899542
1130 360 759288627
1131 786 922605156
1132 68 897155183
1133 426 132860879
1134 74 246291819
1135 785 246291819
1136 237 711638738
1137 643 407903660
1138 370 860336647
1139 152 401106438
1140 520 845822
1141 246 38030117
1142 953 860336647
1143 453 676280324
1144 151 922605156
1145 150 860336647
1146 581 932763695
1147 852 922605156
1148 1050 238167656
1149 664 866224960
1150 1031 759288627
1151 490 124652316
1152 271 838295346
1153 131 38030117
1154 567 523904782
1155 455 932763695
1156 1072 598605170
1157 591 885916286
1158 479 364579093
1159 1058 161899542
1160 89 478265408
1161 484 190413345
1162 485 75769087
1163 888 922605156
1164 690 75769087
1165 864 759288627
1166 1131 565091489
1167 926 769529166
1168 973 922605156
1169 585 860336647
1170 461 140942728
1171 453 639088769
1172 906 799314912
1173 50 238167656
1174 657 190413345
1175 687 845822
1176 555 642891885
1177 402 190413345
1178 781 845822
1179 1031 576419510
1180 409 972132830
1181 123 826484836
1182 704 364579093
1183 956 75769087
1184 707 317610556
1185 1008 860336647
1186 593 804147677
1187 531 922605156
1188 1013 639088769
1189 936 124652316
1190 504 897155183
1191 360 75769087
1192 511 132860879
1193 192 364579093
1194 131 598605170
1195 1073 140942728
1196 1153 598605170
1197 28 523904782
1198 276 860336647
1199 1148 752555823
1200 133 38030117
1201 191 636917046
1202 869 407903660
1203 289 565091489
1204 1191 576419510
1205 1138 826484836
1206 316 838295346
1207 1087 932763695
1208 296 799314912
1209 198 826484836
1210 980 359112306
1211 73 84278969
1212 630 477044285
1213 446 845822
1214 1206 416725310
1215 747 416725310
1216 364 184602086
1217 863 407903660
1218 959 38030117
1219 404 317610556
1220 645 184602086
1221 107 668091484
1222 883 845822
1223 898 140942728
1224 1088 84278969
1225 157 711638738
1226 436 865110764
1227 654 124652316
1228 644 826484836
1229 499 759288627
1230 745 38030117
1231 971 804147677
1232 973 598605170
1233 728 668091484
1234 956 565091489
1235 266 932763695
1236 187 317610556
1237 1057 752555823
1238 878 666323975
1239 776 317610556
1240 925 865110764
1241 142 238167656
1242 925 598605170
1243 267 799314912
1244 1145 184602086
1245 1150 642891885
1246 446 759288627
1247 676 752555823
1248 732 478265408
1249 1043 565091489
1250 735 610285292
1251 672 866224960
1252 335 639088769
1253 320 972132830
1254 1205 84278969
1255 219 885916286
1256 1179 401106438
1257 129 359112306
1258 932 124652316
1259 228 576419510
1260 543 668091484
1261 533 184602086
1262 938 972132830
1263 362 75769087
1264 539 416725310
1265 1224 598605170
1266 485 416725310
1267 1230 140942728
1268 1203 416725310
1269 445 826484836
1270 221 407903660
1271 632 317610556
1272 201 860336647
1273 815 866224960
1274 1088 364579093
1275 947 676280324
1276 534 75769087
1277 55 845822
1278 1219 826484836
1279 673 184602086
1280 530 401106438
1281 208 838295346
1282 755 161899542
1283 251 565091489
1284 1152 246291819
1285 1011 932763695
1286 361 359112306
1287 923 932763695
1288 723 364579093
1289 287 799314912
1290 829 642891885
1291 668 416725310
1292 706 388411760
1293 166 668091484
1294 524 161899542
1295 320 196192198
1296 1088 38030117
1297 1283 668091484
1298 765 639088769
1299 154 238167656
1300 187 478265408
1301 1268 317610556
1302 931 865110764
1303 351 184602086
1304 681 388411760
1305 652 161899542
1306 937 865110764
1307 102 75769087
1308 1062 804147677
1309 336 407903660
1310 1054 388411760
1311 392 639088769
1312 244 845822
1313 378 132860879
1314 88 416725310
1315 1242 238167656
1316 542 666323975
1317 751 401106438
1318 676 401106438
1319 984 799314912
1320 1194 75769087
1321 564 826484836
1322 156 317610556
1323 594 752555823
1324 627 238167656
1325 418 759288627
1326 942 364579093
1327 43 246291819
1328 835 639088769
1329 990 865110764
1330 323 804147677
1331 900 972132830
1332 1167 860336647
1333 426 246291819
1334 21 804147677
1335 757 759288627
1336 224 610285292
1337 481 598605170
1338 798 865110764
1339 773 388411760
1340 1317 246291819
1341 399 642891885
1342 1270 838295346
1343 890 184602086
1344 803 804147677
1345 1142 401106438
1346 738 711638738
1347 942 610285292
1348 1068 865110764
1349 350 865110764
1350 1028 668091484
1351 1214 666323975
1352 1181 711638738
1353 123 84278969
1354 271 140942728
1355 347 885916286
1356 1239 317610556
1357 340 826484836
1358 1226 598605170
1359 1148 364579093
1360 691 477044285
1361 492 711638738
1362 744 84278969
1363 1004 759288627
1364 826 388411760
1365 229 523904782
1366 1313 388411760
1367 444 897155183
1368 745 75769087
1369 282 922605156
1370 656 388411760
1371 725 668091484
1372 122 407903660
1373 438 190413345
1374 474 190413345
1375 1167 84278969
1376 602 636917046
1377 1223 676280324
1378 762 359112306
1379 956 845822
1380 571 865110764
1381 758 668091484
1382 1187 238167656
1383 857 885916286
1384 1355 845822
1385 880 922605156
1386 1093 610285292
1387 201 885916286
1388 868 477044285
1389 841 922605156
1390 336 922605156
1391 872 636917046
1392 1110 84278969
1393 369 196192198
1394 191 576419510
1395 1115 565091489
1396 575 676280324
1397 687 639088769
1398 154 642891885
1399 84 639088769
1400 616 676280324
1401 884 845822
1402 1194 932763695
1403 1401 523904782
1404 1278 359112306
1405 2 75769087
1406 2 897155183
1407 718 478265408
1408 152 84278969
1409 370 932763695
1410 1350 639088769
1411 179 407903660
1412 707 124652316
1413 95 668091484
1414 1004 477044285
1415 959 865110764
1416 113 769529166
1417 959 124652316
1418 1055 897155183
1419 1309 477044285
1420 135 523904782
1421 905 885916286
1422 1360 132860879
1423 771 576419510
1424 688 246291819
1425 1249 478265408
1426 833 752555823
1427 1173 845822
1428 358 184602086
1429 22 598605170
1430 962 246291819
1431 899 826484836
1432 951 610285292
1433 74 124652316
1434 784 598605170
1435 692 196192198
1436 928 642891885
1437 207 407903660
1438 195 401106438
1439 271 317610556
1440 798 799314912
1441 409 799314912
1442 714 317610556
1443 578 642891885
1444 74 190413345
1445 1175 972132830
1446 1268 668091484
1447 1415 576419510
1448 1274 246291819
1449 564 804147677
1450 175 140942728
1451 791 364579093
1452 573 416725310
1453 564 972132830
1454 360 922605156
1455 75 639088769
1456 330 759288627
1457 497 804147677
1458 205 196192198
1459 915 769529166
1460 957 75769087
1461 600 711638738
1462 597 668091484
1463 184 838295346
1464 851 246291819
1465 816 317610556
1466 504 161899542
1467 175 972132830
1468 364 826484836
1469 1324 477044285
1470 20 75769087
1471 1334 799314912
1472 968 759288627
1473 418 804147677
1474 1067 804147677
1475 1156 610285292
1476 840 598605170
1477 1404 477044285
1478 251 752555823
1479 549 565091489
1480 1216 576419510
1481 1444 523904782
1482 1321 184602086
1483 1452 676280324
1484 201 359112306
1485 1053 84278969
1486 269 132860879
1487 1042 897155183
1488 1062 759288627
1489 1028 932763695
1490 1272 196192198
1491 301 576419510
1492 277 401106438
1493 137 246291819
1494 372 826484836
1495 1217 676280324
1496 304 190413345
1497 354 932763695
1498 1180 666323975
1499 1297 401106438
1500 1303 246291819
1501 794 752555823
1502 438 478265408
1503 1361 610285292
1504 741 866224960
1505 1456 576419510
1506 555 668091484
1507 632 922605156
1508 812 132860879
1509 555 576419510
1510 991 711638738
1511 1176 140942728
1512 826 246291819
1513 1290 860336647
1514 663 860336647
1515 284 246291819
1516 566 642891885
1517 465 865110764
1518 25 865110764
1519 434 826484836
1520 815 922605156
1521 735 190413345
1522 1380 759288627
1523 1410 75769087
1524 138 636917046
1525 427 140942728
1526 1029 639088769
1527 999 932763695
1528 1015 610285292
1529 917 826484836
1530 1419 364579093
1531 1223 84278969
1532 394 416725310
1533 1230 610285292
1534 515 184602086
1535 954 364579093
1536 1180 885916286
1537 1512 523904782
1538 476 364579093
1539 923 161899542
1540 392 401106438
1541 656 610285292
1542 585 885916286
1543 224 401106438
1544 990 140942728
1545 499 317610556
1546 1407 676280324
1547 1090 184602086
1548 161 610285292
1549 552 838295346
1550 1129 190413345
1551 1532 885916286
1552 146 565091489
1553 372 972132830
1554 215 845822
1555 382 826484836
1556 1488 246291819
1557 1404 576419510
1558 1180 676280324
1559 94 636917046
1560 1190 885916286
1561 1020 359112306
1562 1256 598605170
1563 222 401106438
1564 753 124652316
1565 181 866224960
1566 404 364579093
1567 1498 838295346
1568 447 75769087
1569 1517 140942728
1570 227 576419510
1571 994 75769087
1572 653 804147677
1573 339 124652316
1574 1248 865110764
1575 1207 642891885
1576 112 932763695
1577 625 576419510
1578 1413 932763695
1579 1294 523904782
1580 638 932763695
1581 402 416725310
1582 41 317610556
1583 911 636917046
1584 399 161899542
1585 617 238167656
1586 1316 932763695
1587 1296 845822
1588 744 865110764
1589 525 416725310
1590 1126 477044285
1591 650 598605170
1592 1260 769529166
1593 491 711638738
1594 224 38030117
1595 477 246291819
1596 1373 865110764
1597 334 407903660
1598 910 636917046
1599 811 140942728
1600 465 759288627
1601 675 238167656
1602 1241 75769087
1603 1426 565091489
1604 1301 668091484
1605 1071 196192198
1606 700 161899542
1607 544 317610556
1608 151 246291819
1609 50 865110764
1610 1108 196192198
1611 255 610285292
1612 496 478265408
1613 334 478265408
1614 1083 642891885
1615 507 238167656
1616 1326 477044285
1617 689 885916286
1618 397 416725310
1619 99 636917046
1620 1219 668091484
1621 1026 642891885
1622 512 752555823
1623 1134 804147677
1624 1289 132860879
1625 1071 238167656
1626 575 610285292
1627 270 866224960
1628 729 666323975
1629 456 388411760
1630 458 636917046
1631 1370 752555823
1632 550 885916286
1633 590 576419510
1634 297 184602086
1635 397 642891885
1636 451 598605170
1637 1282 161899542
1638 990 75769087
1639 703 897155183
1640 1140 407903660
1641 666 140942728
1642 891 845822
1643 932 598605170
1644 1218 84278969
1645 1402 668091484
1646 406 565091489
1647 504 416725310
1648 1054 196192198
1649 897 668091484
1650 1344 388411760
1651 1208 184602086
1652 113 196192198
1653 495 759288627
1654 532 238167656
1655 366 866224960
1656 729 140942728
1657 635 666323975
1658 1488 860336647
1659 198 401106438
1660 683 639088769
1661 1278 75769087
1662 1626 132860879
1663 1363 140942728
1664 766 75769087
1665 1074 676280324
1666 391 972132830
1667 1282 668091484
1668 612 38030117
1669 810 711638738
1670 411 523904782
1671 1639 711638738
1672 465 140942728
1673 963 845822
1674 729 478265408
1675 1078 388411760
1676 39 932763695
1677 1496 932763695
1678 401 845822
1679 1276 478265408
1680 847 897155183
1681 11 184602086
1682 1557 364579093
1683 1030 799314912
1684 315 668091484
1685 43 972132830
1686 600 845822
1687 1423 477044285
1688 105 124652316
1689 1107 184602086
1690 1074 359112306
1691 1377 523904782
1692 1395 752555823
1693 929 196192198
1694 578 196192198
1695 1028 124652316
1696 1435 799314912
1697 1268 364579093
1698 52 238167656
1699 1045 865110764
1700 821 523904782
1701 1324 932763695
1702 143 401106438
1703 1475 838295346
1704 1349 184602086
1705 747 866224960
1706 146 140942728
1707 1474 238167656
1708 659 636917046
1709 345 932763695
1710 926 610285292
1711 1274 838295346
1712 917 642891885
1713 933 711638738
1714 905 161899542
1715 734 388411760
1716 753 75769087
1717 1355 401106438
1718 503 38030117
1719 1056 196192198
1720 1645 885916286
1721 1428 184602086
1722 542 752555823
1723 352 636917046
1724 1296 388411760
1725 548 478265408
1726 392 190413345
1727 1598 132860879
1728 289 866224960
1729 55 860336647
1730 1034 238167656
1731 861 642891885
1732 1559 401106438
1733 691 668091484
1734 1091 576419510
1735 953 759288627
1736 541 190413345
1737 421 636917046
1738 922 478265408
1739 1155 246291819
1740 82 799314912
1741 1712 866224960
1742 1580 75769087
1743 1718 676280324
1744 561 642891885
1745 1347 932763695
1746 1037 865110764
1747 1607 407903660
1748 1283 860336647
1749 1419 838295346
1750 317 769529166
1751 3 865110764
1752 284 804147677
1753 112 478265408
1754 1176 666323975
1755 1601 124652316
1756 1416 364579093
1757 1425 478265408
1758 646 636917046
1759 381 838295346
1760 587 838295346
1761 128 860336647
1762 1116 576419510
1763 202 196192198
1764 489 478265408
1765 1121 769529166
1766 800 184602086
1767 867 752555823
1768 775 972132830
1769 118 477044285
1770 30 636917046
1771 938 388411760
1772 1515 676280324
1773 1263 359112306
1774 511 799314912
1775 778 636917046
1776 1520 196192198
1777 1607 246291819
1778 322 922605156
1779 248 359112306
1780 540 769529166
1781 1359 972132830
1782 1669 799314912
1783 1504 407903660
1784 222 598605170
1785 957 922605156
1786 1220 132860879
1787 1589 711638738
1788 1271 38030117
1789 1586 416725310
1790 1494 932763695
1791 350 642891885
1792 658 865110764
1793 850 845822
1794 678 838295346
1795 595 897155183
1796 500 752555823
1797 208 407903660
1798 1569 401106438
1799 859 576419510
1800 1209 897155183
1801 1528 676280324
1802 1319 922605156
1803 268 845822
1804 1360 132860879
1805 1224 196192198
1806 616 639088769
1807 1359 477044285
1808 1693 636917046
1809 679 676280324
1810 1121 38030117
1811 1330 388411760
1812 1621 246291819
1813 1015 799314912
1814 804 38030117
1815 529 196192198
1816 1158 317610556
1817 1559 668091484
1818 804 845822
1819 45 477044285
1820 1062 132860879
1821 221 477044285
1822 1173 598605170
1823 924 972132830
1824 254 359112306
1825 241 972132830
1826 720 416725310
1827 1313 639088769
1828 1087 246291819
1829 425 642891885
1830 315 246291819
1831 100 416725310
1832 1080 565091489
1833 905 972132830
1834 961 317610556
1835 862 666323975
1836 98 416725310
1837 1032 196192198
1838 1677 190413345
1839 109 238167656
1840 1162 972132830
1841 1334 75769087
1842 878 759288627
1843 617 668091484
1844 1741 359112306
1845 870 84278969
1846 507 184602086
1847 972 576419510
1848 670 922605156
1849 96 639088769
1850 954 364579093
1851 1474 140942728
1852 1504 885916286
1853 451 477044285
1854 626 845822
1855 151 897155183
1856 1239 932763695
1857 1441 388411760
1858 1189 576419510
1859 1217 922605156
1860 476 523904782
1861 1071 799314912
1862 258 860336647
1863 1443 972132830
1864 807 799314912
1865 1532 922605156
1866 982 523904782
1867 546 238167656
1868 49 184602086
1869 339 196192198
1870 1862 826484836
1871 1487 598605170
1872 73 865110764
1873 1833 359112306
1874 684 676280324
1875 740 140942728
1876 922 922605156
1877 949 804147677
1878 1230 598605170
1879 1665 845822
1880 1345 799314912
1881 78 865110764
1882 24 388411760
1883 325 388411760
1884 566 84278969
1885 255 668091484
1886 1487 523904782
1887 1866 932763695
1888 1582 711638738
1889 870 196192198
1890 1634 610285292
1891 1805 523904782
1892 1397 804147677
1893 1528 317610556
1894 296 132860879
1895 711 238167656
1896 1743 711638738
1897 1774 752555823
1898 1310 711638738
1899 679 246291819
1900 771 676280324
1901 580 416725310
1902 1757 865110764
1903 971 140942728
1904 1152 124652316
1905 274 246291819
1906 518 359112306
1907 983 416725310
1908 1448 598605170
1909 1600 897155183
1910 1134 972132830
1911 458 132860879
1912 762 804147677
1913 412 38030117
1914 1609 246291819
1915 1115 75769087
1916 285 364579093
1917 1308 477044285
1918 20 190413345
1919 584 636917046
1920 962 642891885
1921 1733 416725310
1922 1262 639088769
1923 953 642891885
1924 296 636917046
1925 1714 196192198
1926 1879 865110764
1927 1925 639088769
1928 373 388411760
1929 226 576419510
1930 1367 636917046
1931 605 922605156
1932 1699 75769087
1933 93 752555823
1934 1475 416725310
1935 1497 132860879
1936 1357 826484836
1937 695 565091489
1938 1591 196192198
1939 1653 826484836
1940 88 932763695
1941 1163 140942728
1942 301 838295346
1943 375 132860879
1944 486 666323975
1945 999 184602086
1946 1298 523904782
1947 1025 752555823
1948 336 845822
1949 345 711638738
1950 1295 860336647
1951 503 401106438
1952 1292 711638738
1953 513 478265408
1954 1310 972132830
1955 1046 838295346
1956 343 922605156
1957 1526 184602086
1958 421 804147677
1959 435 769529166
1960 1606 477044285
1961 1332 565091489
1962 892 826484836
1963 1025 565091489
1964 1938 598605170
1965 1600 838295346
1966 1550 826484836
1967 821 676280324
1968 813 752555823
1969 1932 932763695
1970 1876 364579093
1971 1164 860336647
1972 1794 759288627
1973 621 860336647
1974 1921 759288627
1975 1338 401106438
1976 1747 866224960
1977 1673 885916286
1978 551 576419510
1979 446 636917046
1980 1085 759288627
1981 475 804147677
1982 699 866224960
1983 935 401106438
1984 1218 711638738
1985 223 246291819
1986 1153 752555823
1987 49 769529166
1988 1011 364579093
1989 1072 38030117
1990 1266 826484836
1991 1747 140942728
1992 590 478265408
1993 1424 478265408
1994 2 769529166
1995 923 478265408
1996 1159 565091489
1997 1458 196192198
1998 1474 752555823
1999 1253 826484836
2000 355 865110764
2001 1219 317610556
2002 191 576419510
2003 341 799314912
2004 664 190413345
2005 215 845822
2006 1180 711638738
2007 1944 140942728
2008 1740 246291819
2009 704 668091484
2010 1335 364579093
2011 1225 407903660
2012 960 140942728
2013 1322 636917046
2014 1885 866224960
2015 1436 359112306
2016 750 388411760
2017 1538 140942728
2018 804 752555823
2019 1068 838295346
2020 585 666323975
2021 1772 922605156
2022 1092 666323975
2023 1957 416725310
2024 22 196192198
2025 459 478265408
2026 1949 838295346
2027 548 752555823
2028 1452 246291819
2029 367 317610556
2030 1826 610285292
2031 99 972132830
2032 1813 972132830
2033 1410 317610556
2034 88 972132830
2035 546 636917046
2036 330 865110764
2037 1129 407903660
2038 1938 676280324
2039 178 598605170
2040 1558 897155183
2041 1072 922605156
2042 1116 407903660
2043 1959 407903660
2044 661 922605156
2045 949 932763695
2046 387 132860879
2047 484 676280324
2048 1366 477044285
2049 1326 932763695
2050 914 184602086
2051 1547 804147677
2052 727 364579093
2053 441 666323975
2054 1951 636917046
2055 1448 576419510
2056 1407 401106438
2057 464 75769087
2058 815 407903660
2059 847 866224960
2060 782 639088769
2061 822 184602086
2062 163 838295346
2063 579 565091489
2064 1886 838295346
2065 1900 317610556
2066 374 317610556
2067 1686 401106438
2068 1533 416725310
2069 1315 576419510
2070 864 676280324
2071 1928 922605156
2072 1150 38030117
2073 1187 799314912
2074 1163 477044285
2075 133 317610556
2076 1751 196192198
2077 1098 897155183
2078 1111 610285292
2079 382 922605156
2080 1358 416725310
2081 1671 636917046
2082 1431 639088769
2083 103 184602086
2084 1201 388411760
2085 1972 922605156
2086 408 598605170
2087 1594 407903660
2088 2078 668091484
2089 787 75769087
2090 105 922605156
2091 425 826484836
2092 1579 769529166
2093 612 364579093
2094 93 922605156
2095 1289 932763695
2096 698 140942728
2097 902 865110764
2098 1665 576419510
2099 1465 388411760
2100 910 576419510
2101 1149 799314912
2102 334 364579093
2103 893 826484836
2104 1608 477044285
2105 999 477044285
2106 830 416725310
2107 1162 838295346
2108 1028 769529166
2109 1991 866224960
2110 384 359112306
2111 1157 161899542
2112 1540 84278969
2113 1393 184602086
2114 212 401106438
2115 459 246291819
2116 783 897155183
2117 1333 799314912
2118 1347 38030117
2119 1444 124652316
2120 268 190413345
2121 1568 610285292
2122 148 826484836
2123 1534 860336647
2124 1814 897155183
2125 937 140942728
2126 1762 885916286
2127 832 124652316
2128 1280 190413345
2129 1970 860336647
2130 2031 866224960
2131 210 84278969
2132 120 576419510
2133 450 359112306
2134 772 845822
2135 2115 838295346
2136 365 196192198
2137 1055 922605156
2138 984 576419510
2139 1261 866224960
2140 27 364579093
2141 2125 38030117
2142 1520 845822
2143 1273 416725310
2144 996 523904782
2145 1553 932763695
2146 1005 416725310
2147 590 190413345
2148 1064 639088769
2149 552 565091489
2150 1508 799314912
2151 244 826484836
2152 212 401106438
2153 1124 897155183
2154 1813 838295346
2155 2006 799314912
2156 1222 359112306
2157 673 799314912
2158 2118 84278969
2159 1742 75769087
2160 1412 124652316
2161 1190 184602086
2162 861 642891885
2163 1532 565091489
2164 1288 576419510
2165 1611 598605170
2166 754 359112306
2167 197 246291819
2168 1645 140942728
2169 112 523904782
2170 1213 401106438
2171 932 478265408
2172 877 642891885
2173 547 804147677
2174 1343 132860879
2175 1053 826484836
2176 127 576419510
2177 1578 636917046
2178 1367 860336647
2179 1412 759288627
2180 290 711638738
2181 809 84278969
2182 1233 711638738
2183 793 388411760
2184 811 972132830
2185 1594 161899542
2186 1006 666323975
2187 512 238167656
2188 616 84278969
2189 1956 759288627
2190 1711 565091489
2191 982 401106438
2192 1379 401106438
2193 677 317610556
2194 1152 838295346
2195 588 804147677
2196 1349 190413345
2197 2020 642891885
2198 1119 668091484
2199 39 190413345
2200 880 317610556
2201 1020 972132830
2202 2197 922605156
2203 1110 845822
2204 1464 676280324
2205 519 676280324
2206 389 668091484
2207 84 804147677
2208 122 752555823
2209 1057 359112306
2210 880 477044285
2211 1068 759288627
2212 1484 317610556
2213 835 364579093
2214 1872 668091484
2215 681 196192198
2216 487 576419510
2217 1262 860336647
2218 656 639088769
2219 2039 865110764
2220 207 636917046
2221 1605 865110764
2222 221 885916286
2223 126 804147677
2224 118 38030117
2225 468 922605156
2226 1602 364579093
2227 323 897155183
2228 1520 804147677
2229 1161 666323975
2230 622 922605156
2231 1110 190413345
2232 1938 190413345
2233 1049 576419510
2234 979 598605170
2235 1519 246291819
2236 555 576419510
2237 1459 388411760
2238 509 477044285
2239 1576 132860879
2240 1842 132860879
2241 280 246291819
2242 178 666323975
2243 438 523904782
2244 2215 140942728
2245 2187 897155183
2246 1629 140942728
2247 156 388411760
2248 1962 388411760
2249 1845 477044285
2250 2074 38030117
2251 2205 565091489
2252 1659 799314912
2253 2225 184602086
2254 1208 642891885
2255 605 897155183
2256 1171 140942728
2257 1190 865110764
2258 808 838295346
2259 40 799314912
2260 950 124652316
2261 913 161899542
2262 1249 523904782
2263 1942 636917046
2264 652 752555823
2265 1890 639088769
2266 250 523904782
2267 2016 38030117
2268 1831 477044285
2269 252 576419510
2270 1979 359112306
2271 16 190413345
2272 1833 598605170
2273 533 845822
2274 83 972132830
2275 1537 860336647
2276 1747 860336647
2277 1149 769529166
2278 112 523904782
2279 1112 610285292
2280 1087 364579093
2281 1738 838295346
2282 735 845822
2283 1328 132860879
2284 574 636917046
2285 2008 196192198
2286 1036 38030117
2287 609 576419510
2288 429 668091484
2289 1471 866224960
2290 636 642891885
2291 1640 132860879
2292 1907 140942728
2293 90 523904782
2294 346 642891885
2295 149 752555823
2296 1994 317610556
2297 1852 865110764
2298 1285 838295346
2299 271 161899542
2300 1657 184602086
2301 30 317610556
2302 2052 866224960
2303 888 140942728
2304 838 932763695
2305 1307 184602086
2306 1969 190413345
2307 737 416725310
2308 2022 759288627
2309 257 161899542
2310 784 84278969
2311 33 897155183
2312 1551 184602086
2313 1273 388411760
2314 598 826484836
2315 1773 845822
2316 1809 84278969
2317 1942 838295346
2318 999 897155183
2319 55 38030117
2320 511 84278969
2321 371 799314912
2322 1721 359112306
2323 123 565091489
2324 951 38030117
2325 1058 184602086
2326 2314 752555823
2327 65 799314912
2328 2165 866224960
2329 1994 401106438
2330 1711 860336647
2331 223 666323975
2332 1453 769529166
2333 329 238167656
2334 2149 711638738
2335 1554 799314912
2336 1168 388411760
2337 719 845822
2338 68 885916286
2339 1445 75769087
2340 856 407903660
2341 2318 668091484
2342 1047 477044285
2343 1775 636917046
2344 2226 401106438
2345 511 478265408
2346 1128 639088769
2347 931 401106438
2348 1484 416725310
2349 547 642891885
2350 1448 75769087
2351 580 84278969
2352 1276 676280324
2353 567 184602086
2354 2054 477044285
2355 2012 140942728
2356 442 407903660
2357 586 196192198
2358 123 184602086
2359 94 238167656
2360 1231 317610556
2361 280 636917046
2362 21 238167656
2363 2303 75769087
2364 2001 184602086
2365 1568 636917046
2366 918 364579093
2367 2100 804147677
2368 318 642891885
2369 1684 75769087
2370 104 610285292
2371 348 416725310
2372 21 401106438
2373 1829 359112306
2374 2054 478265408
2375 1406 317610556
2376 220 84278969
2377 1102 190413345
2378 1830 75769087
2379 1743 711638738
2380 635 75769087
2381 1494 610285292
2382 735 666323975
2383 2270 666323975
2384 1320 317610556
2385 174 666323975
2386 1871 826484836
2387 825 804147677
2388 846 565091489
2389 517 804147677
2390 1265 666323975
2391 1920 75769087
2392 1377 845822
2393 906 401106438
2394 915 932763695
2395 994 416725310
2396 317 668091484
2397 2072 642891885
2398 1278 388411760
2399 1824 161899542
2400 1332 132860879
2401 718 246291819
2402 1616 477044285
2403 125 666323975
2404 1307 932763695
2405 1622 972132830
2406 2123 598605170
2407 476 523904782
2408 2194 401106438
2409 796 769529166
2410 976 769529166
2411 2073 642891885
2412 2127 610285292
2413 84 140942728
2414 1623 190413345
2415 695 932763695
2416 1083 972132830
2417 2172 639088769
2418 789 523904782
2419 1417 752555823
2420 1095 845822
2421 1857 845822
2422 1678 124652316
2423 1635 769529166
2424 943 576419510
2425 1773 860336647
2426 808 642891885
2427 1155 759288627
2428 1397 826484836
2429 2169 565091489
2430 980 838295346
2431 227 401106438
2432 2429 972132830
2433 97 866224960
2434 994 140942728
2435 1511 972132830
2436 2378 666323975
2437 597 865110764
2438 521 860336647
2439 1831 416725310
2440 1845 124652316
2441 1141 897155183
2442 295 897155183
2443 2292 922605156
2444 1196 668091484
2445 1201 359112306
2446 830 804147677
2447 973 826484836
2448 306 972132830
2449 229 196192198
2450 1742 866224960
2451 2109 666323975
2452 405 416725310
2453 1776 922605156
2454 854 416725310
2455 1529 885916286
2456 4 576419510
2457 84 932763695
2458 871 477044285
2459 1629 826484836
2460 798 639088769
2461 559 407903660
2462 2349 140942728
2463 1025 666323975
2464 1467 676280324
2465 690 388411760
2466 2180 668091484
2467 1933 407903660
2468 1239 523904782
2469 2410 364579093
2470 1534 769529166
2471 1211 478265408
2472 1342 639088769
2473 1939 184602086
2474 1001 190413345
2475 2282 642891885
2476 859 477044285
2477 1176 922605156
2478 637 523904782
2479 253 759288627
2480 1780 407903660
2481 1550 642891885
2482 877 190413345
2483 1110 364579093
2492
2 1 876668258
3 2 433828869
4 1 876668258
5 3 331760925
6 1 229722665
7 2 876668258
8 5 220287125
9 7 331760925
10 5 876668258
11 1 819210095
12 8 220287125
13 9 540077106
14 13 137236510
15 12 220287125
16 1 246350194
17 11 331760925
18 10 80457142
19 9 331760925
20 18 433828869
21 8 876668258
22 10 585623422
23 13 137236510
24 12 819210095
25 5 114349627
26 11 876668258
27 13 433828869
28 17 246350194
29 4 433828869
30 29 876668258
31 4 137236510
32 21 137236510
33 16 433828869
34 21 114349627
35 16 137236510
36 13 114349627
37 34 114349627
38 30 80457142
39 9 585623422
40 7 819210095
41 8 229722665
42 34 137236510
43 33 433828869
44 6 137236510
45 30 876668258
46 3 229722665
47 3 876668258
48 43 246350194
49 27 585623422
50 8 229722665
51 29 433828869
52 20 80457142
53 7 331760925
54 6 229722665
55 41 876668258
56 7 137236510
57 6 114349627
58 6 433828869
59 11 220287125
60 34 246350194
61 48 819210095
62 49 220287125
63 40 331760925
64 26 137236510
65 30 585623422
66 26 433828869
67 2 331760925
68 43 585623422
69 23 331760925
70 36 229722665
71 69 114349627
72 60 80457142
73 12 80457142
74 3 876668258
75 64 220287125
76 8 433828869
77 3 540077106
78 62 220287125
79 17 876668258
80 59 220287125
81 71 220287125
82 79 137236510
83 32 229722665
84 35 80457142
85 79 585623422
86 38 331760925
87 81 114349627
88 60 80457142
89 34 114349627
90 63 137236510
91 52 540077106
92 78 246350194
93 42 137236510
94 79 114349627
95 30 876668258
96 29 819210095
97 37 540077106
98 31 876668258
99 32 114349627
100 98 331760925
101 86 220287125
102 35 540077106
103 43 246350194
104 76 220287125
105 53 137236510
106 41 137236510
107 29 331760925
108 18 433828869
109 66 540077106
110 11 433828869
111 45 433828869
112 24 137236510
113 28 80457142
114 101 229722665
115 63 819210095
116 78 433828869
117 2 137236510
118 6 229722665
119 60 433828869
120 116 80457142
121 52 114349627
122 16 331760925
123 78 819210095
124 99 585623422
125 60 137236510
126 32 876668258
127 45 819210095
128 105 80457142
129 93 433828869
130 53 80457142
131 99 819210095
132 1 585623422
133 63 331760925
134 19 876668258
135 49 220287125
136 71 585623422
137 134 246350194
138 80 540077106
139 104 80457142
140 56 114349627
141 73 331760925
142 98 220287125
143 45 137236510
144 141 585623422
145 64 220287125
146 8 246350194
147 116 80457142
148 100 137236510
149 82 220287125
150 117 585623422
151 137 246350194
152 94 819210095
153 57 585623422
154 136 137236510
155 67 585623422
156 125 331760925
157 28 220287125
158 79 876668258
159 26 876668258
160 69 137236510
161 9 229722665
162 30 137236510
163 131 331760925
164 18 114349627
165 86 331760925
166 109 331760925
167 82 433828869
168 138 876668258
169 27 331760925
170 41 433828869
171 56 331760925
172 46 819210095
173 151 331760925
174 132 229722665
175 167 585623422
176 107 114349627
177 117 246350194
178 121 246350194
179 155 585623422
180 176 114349627
181 166 540077106
182 91 876668258
183 25 540077106
184 72 585623422
185 52 114349627
186 144 331760925
187 96 331760925
188 66 229722665
189 149 229722665
190 154 114349627
191 22 80457142
192 168 137236510
193 130 246350194
194 147 246350194
195 88 220287125
196 155 433828869
197 79 80457142
198 182 229722665
199 94 331760925
200 122 137236510
201 2 585623422
202 77 585623422
203 122 819210095
204 16 246350194
205 48 80457142
206 120 819210095
207 183 876668258
208 141 220287125
209 15 331760925
210 147 229722665
211 202 433828869
212 169 331760925
213 154 220287125
214 106 220287125
215 139 229722665
216 185 433828869
217 74 229722665
218 175 819210095
219 83 220287125
220 172 246350194
221 143 114349627
222 83 433828869
223 65 80457142
224 81 585623422
225 123 220287125
226 20 585623422
227 174 819210095
228 49 331760925
229 219 220287125
230 209 137236510
231 67 433828869
232 21 80457142
233 101 819210095
234 78 229722665
235 114 585623422
236 66 220287125
237 69 585623422
238 130 229722665
239 197 80457142
240 236 585623422
241 4 331760925
242 194 876668258
243 231 229722665
244 21 540077106
245 94 331760925
246 100 229722665
247 67 229722665
248 231 137236510
249 159 433828869
250 243 819210095
251 202 246350194
252 77 433828869
253 187 331760925
254 186 433828869
255 205 114349627
256 58 433828869
257 4 246350194
258 17 876668258
259 121 876668258
260 207 819210095
261 97 876668258
262 255 80457142
263 155 876668258
264 94 585623422
265 240 80457142
266 248 331760925
267 36 876668258
268 68 137236510
269 20 540077106
270 183 876668258
271 162 137236510
272 188 229722665
273 38 114349627
274 105 540077106
275 222 331760925
276 94 80457142
277 238 229722665
278 160 80457142
279 186 114349627
280 252 540077106
281 87 331760925
282 104 433828869
283 173 229722665
284 171 331760925
285 15 540077106
286 276 819210095
287 256 876668258
288 108 80457142
289 252 585623422
290 122 331760925
291 242 331760925
292 115 229722665
293 65 229722665
294 275 114349627
295 124 819210095
296 173 433828869
297 225 540077106
298 184 819210095
299 207 246350194
300 183 585623422
301 62 114349627
302 181 331760925
303 186 331760925
304 8 80457142
305 57 137236510
306 212 114349627
307 220 80457142
308 94 540077106
309 215 137236510
310 43 229722665
311 247 331760925
312 23 433828869
313 269 246350194
314 216 433828869
315 52 114349627
316 238 585623422
317 197 331760925
318 172 876668258
319 301 433828869
320 215 229722665
321 44 246350194
322 147 114349627
323 19 876668258
324 220 433828869
325 291 819210095
326 315 876668258
327 169 220287125
328 260 114349627
329 58 220287125
330 251 246350194
331 118 246350194
332 63 114349627
333 308 246350194
334 198 819210095
335 126 220287125
336 32 114349627
337 115 137236510
338 74 246350194
339 217 114349627
340 274 80457142
341 251 220287125
342 305 433828869
343 19 540077106
344 138 80457142
345 246 876668258
346 56 540077106
347 234 331760925
348 124 540077106
349 263 80457142
350 230 220287125
351 56 585623422
352 190 433828869
353 332 331760925
354 243 331760925
355 310 876668258
356 55 229722665
357 323 331760925
358 356 433828869
359 320 137236510
360 111 433828869
361 47 137236510
362 170 585623422
363 303 80457142
364 145 540077106
365 149 433828869
366 200 876668258
367 99 819210095
368 174 819210095
369 341 585623422
370 241 229722665
371 225 220287125
372 23 137236510
373 368 433828869
374 234 220287125
375 299 819210095
376 165 876668258
377 125 114349627
378 144 585623422
379 149 80457142
380 101 80457142
381 315 819210095
382 178 137236510
383 174 229722665
384 354 114349627
385 335 229722665
386 298 585623422
387 211 80457142
388 253 819210095
389 209 540077106
390 92 229722665
391 124 540077106
392 49 540077106
393 93 540077106
394 84 540077106
395 143 220287125
396 1 331760925
397 93 220287125
398 393 246350194
399 173 819210095
400 51 585623422
401 342 876668258
402 236 331760925
403 394 114349627
404 50 114349627
405 273 819210095
406 341 585623422
407 78 246350194
408 192 80457142
409 31 220287125
410 120 137236510
411 41 540077106
412 141 229722665
413 109 114349627
414 399 433828869
415 218 80457142
416 176 331760925
417 10 331760925
418 187 80457142
419 316 433828869
420 161 114349627
421 42 819210095
422 336 80457142
423 288 114349627
424 195 331760925
425 384 220287125
426 307 540077106
427 284 229722665
428 308 137236510
429 120 246350194
430 264 220287125
431 367 229722665
432 353 114349627
433 360 220287125
434 347 229722665
435 122 876668258
436 242 137236510
437 302 540077106
438 340 540077106
439 179 540077106
440 124 220287125
441 32 246350194
442 34 80457142
443 236 540077106
444 3 114349627
445 263 229722665
446 407 220287125
447 35 331760925
448 378 114349627
449 272 137236510
450 374 540077106
451 368 540077106
452 176 331760925
453 28 331760925
454 396 229722665
455 129 229722665
456 139 220287125
457 52 229722665
458 310 433828869
459 275 246350194
460 64 229722665
461 51 137236510
462 356 246350194
463 342 876668258
464 306 246350194
465 432 819210095
466 180 229722665
467 270 114349627
468 185 220287125
469 331 137236510
470 269 246350194
471 18 540077106
472 81 540077106
473 427 137236510
474 198 114349627
475 143 331760925
476 182 137236510
477 458 220287125
478 165 246350194
479 320 819210095
480 340 433828869
481 278 819210095
482 264 137236510
483 101 229722665
484 457 229722665
485 25 220287125
486 256 433828869
487 268 137236510
488 467 585623422
489 140 433828869
490 135 229722665
491 334 540077106
492 95 114349627
493 48 246350194
494 50 114349627
495 439 246350194
496 465 220287125
497 338 229722665
498 201 80457142
499 432 137236510
500 318 80457142
501 81 876668258
502 293 540077106
503 168 585623422
504 137 433828869
505 61 229722665
506 143 876668258
507 10 229722665
508 152 876668258
509 47 433828869
510 374 876668258
511 134 433828869
512 21 585623422
513 136 433828869
514 127 585623422
515 154 585623422
516 480 80457142
517 328 114349627
518 53 137236510
519 425 331760925
520 344 331760925
521 5 80457142
522 259 220287125
523 346 220287125
524 97 80457142
525 333 331760925
526 409 114349627
527 471 819210095
528 200 585623422
529 225 114349627
530 359 876668258
531 320 540077106
532 477 220287125
533 302 229722665
534 186 540077106
535 260 246350194
536 133 540077106
537 402 114349627
538 472 229722665
539 114 540077106
540 527 114349627
541 60 433828869
542 313 876668258
543 345 331760925
544 186 246350194
545 466 540077106
546 122 246350194
547 420 114349627
548 372 585623422
549 57 246350194
550 127 114349627
551 475 80457142
552 215 876668258
553 403 433828869
554 106 114349627
555 70 229722665
556 65 114349627
557 189 585623422
558 12 331760925
559 131 433828869
560 181 229722665
561 274 114349627
562 108 585623422
563 312 137236510
564 282 220287125
565 492 540077106
566 539 331760925
567 72 220287125
568 184 137236510
569 54 819210095
570 389 137236510
571 522 229722665
572 332 433828869
573 307 433828869
574 535 585623422
575 462 819210095
576 444 80457142
577 431 433828869
578 138 137236510
579 136 137236510
580 179 876668258
581 381 585623422
582 367 220287125
583 485 331760925
584 403 540077106
585 217 433828869
586 297 229722665
587 396 114349627
588 426 246350194
589 119 876668258
590 578 876668258
591 470 540077106
592 340 80457142
593 168 876668258
594 231 137236510
595 68 80457142
596 253 585623422
597 230 220287125
598 125 331760925
599 583 246350194
600 577 220287125
601 532 220287125
602 453 540077106
603 114 331760925
604 124 819210095
605 511 876668258
606 319 331760925
607 112 80457142
608 386 137236510
609 156 331760925
610 191 540077106
611 85 137236510
612 430 876668258
613 322 229722665
614 50 246350194
615 466 246350194
616 301 585623422
617 596 114349627
618 406 819210095
619 484 540077106
620 514 229722665
621 42 876668258
622 262 246350194
623 252 540077106
624 224 246350194
625 8 80457142
626 185 819210095
627 533 331760925
628 531 220287125
629 520 246350194
630 450 433828869
631 100 80457142
632 176 246350194
633 352 876668258
634 25 433828869
635 74 246350194
636 130 114349627
637 421 540077106
638 333 819210095
639 263 433828869
640 225 876668258
641 332 331760925
642 185 433828869
643 559 876668258
644 481 80457142
645 550 220287125
646 616 220287125
647 327 229722665
648 564 819210095
649 319 246350194
650 216 819210095
651 153 876668258
652 257 80457142
653 599 137236510
654 304 80457142
655 212 220287125
656 63 876668258
657 390 80457142
658 304 819210095
659 433 80457142
660 350 246350194
661 158 331760925
662 259 331760925
663 652 433828869
664 559 246350194
665 448 433828869
666 186 585623422
667 643 80457142
668 664 80457142
669 27 114349627
670 457 585623422
671 464 80457142
672 350 876668258
673 116 876668258
674 665 540077106
675 167 220287125
676 83 433828869
677 207 540077106
678 508 540077106
679 476 114349627
680 310 137236510
681 472 137236510
682 56 229722665
683 379 114349627
684 152 433828869
685 103 819210095
686 174 220287125
687 237 137236510
688 21 331760925
689 150 433828869
690 245 540077106
691 340 331760925
692 562 331760925
693 360 876668258
694 348 433828869
695 654 819210095
696 221 433828869
697 590 876668258
698 650 229722665
699 361 585623422
700 228 80457142
701 298 137236510
702 260 137236510
703 357 876668258
704 498 331760925
705 136 585623422
706 145 246350194
707 591 80457142
708 186 876668258
709 179 137236510
710 384 585623422
711 450 80457142
712 159 220287125
713 464 137236510
714 216 229722665
715 682 331760925
716 638 246350194
717 35 246350194
718 101 220287125
719 628 114349627
720 267 819210095
721 11 80457142
722 567 137236510
723 152 114349627
724 75 819210095
725 267 433828869
726 41 114349627
727 319 137236510
728 424 876668258
729 494 433828869
730 489 137236510
731 240 220287125
732 383 229722665
733 287 229722665
734 458 137236510
735 534 819210095
736 11 540077106
737 284 876668258
738 246 540077106
739 87 540077106
740 567 114349627
741 669 246350194
742 404 331760925
743 27 331760925
744 382 80457142
745 294 876668258
746 215 819210095
747 694 114349627
748 416 585623422
749 58 137236510
750 339 540077106
751 138 433828869
752 109 331760925
753 698 114349627
754 452 220287125
755 461 433828869
756 573 331760925
757 490 876668258
758 89 585623422
759 544 433828869
760 220 585623422
761 502 433828869
762 488 585623422
763 238 331760925
764 495 114349627
765 109 331760925
766 270 80457142
767 618 229722665
768 737 229722665
769 579 819210095
770 530 540077106
771 52 246350194
772 76 433828869
773 286 114349627
774 759 819210095
775 333 331760925
776 216 80457142
777 292 331760925
778 376 137236510
779 159 229722665
780 575 220287125
781 616 137236510
782 107 246350194
783 335 246350194
784 12 229722665
785 726 540077106
786 496 433828869
787 152 246350194
788 253 585623422
789 224 114349627
790 236 876668258
791 145 540077106
792 426 246350194
793 784 137236510
794 708 229722665
795 157 114349627
796 562 819210095
797 404 80457142
798 262 137236510
799 704 220287125
800 51 540077106
801 754 819210095
802 291 114349627
803 594 585623422
804 247 80457142
805 472 876668258
806 289 331760925
807 368 585623422
808 234 80457142
809 647 433828869
810 253 114349627
811 697 137236510
812 452 540077106
813 637 80457142
814 638 220287125
815 416 331760925
816 201 819210095
817 660 819210095
818 199 137236510
819 696 220287125
820 361 876668258
821 607 433828869
822 519 137236510
823 703 331760925
824 292 220287125
825 744 585623422
826 97 876668258
827 661 137236510
828 355 876668258
829 632 331760925
830 545 585623422
831 730 876668258
832 172 137236510
833 220 876668258
834 370 540077106
835 166 876668258
836 84 246350194
837 529 819210095
838 260 819210095
839 448 876668258
840 10 114349627
841 370 246350194
842 450 331760925
843 196 433828869
844 793 876668258
845 733 229722665
846 203 331760925
847 60 876668258
848 774 819210095
849 104 331760925
850 269 585623422
851 5 246350194
852 502 585623422
853 402 114349627
854 118 220287125
855 101 540077106
856 849 876668258
857 260 80457142
858 497 433828869
859 579 229722665
860 501 585623422
861 685 246350194
862 561 540077106
863 292 585623422
864 799 220287125
865 86 540077106
866 438 220287125
867 707 433828869
868 544 80457142
869 323 876668258
870 75 585623422
871 788 876668258
872 798 246350194
873 787 331760925
874 550 585623422
875 119 876668258
876 601 114349627
877 320 819210095
878 698 585623422
879 160 220287125
880 591 331760925
881 21 585623422
882 87 331760925
883 379 876668258
884 422 819210095
885 454 246350194
886 438 137236510
887 438 220287125
888 688 585623422
889 622 220287125
890 548 819210095
891 131 433828869
892 12 540077106
893 484 80457142
894 751 114349627
895 596 114349627
896 181 80457142
897 692 331760925
898 274 540077106
899 282 80457142
900 613 246350194
901 776 229722665
902 786 540077106
903 582 585623422
904 373 585623422
905 739 540077106
906 283 819210095
907 846 246350194
908 480 585623422
909 843 220287125
910 196 585623422
911 705 220287125
912 683 433828869
913 240 229722665
914 380 876668258
915 26 331760925
916 574 433828869
917 181 585623422
918 542 331760925
919 619 331760925
920 918 229722665
921 490 585623422
922 214 819210095
923 57 433828869
924 346 137236510
925 803 220287125
926 451 246350194
927 155 137236510
928 98 220287125
929 841 819210095
930 327 331760925
931 394 80457142
932 749 220287125
933 747 433828869
934 698 433828869
935 119 331760925
936 464 246350194
937 793 540077106
938 204 114349627
939 29 433828869
940 135 220287125
941 348 331760925
942 837 819210095
943 709 137236510
944 909 246350194
945 301 246350194
946 245 876668258
947 37 229722665
948 937 433828869
949 873 540077106
950 834 540077106
951 576 819210095
952 386 137236510
953 357 540077106
954 232 585623422
955 275 229722665
956 95 114349627
957 672 220287125
958 921 220287125
959 598 114349627
960 243 246350194
961 170 585623422
962 406 114349627
963 837 819210095
964 458 819210095
965 568 220287125
966 823 246350194
967 484 331760925
968 647 585623422
969 735 114349627
970 538 819210095
971 904 229722665
972 881 229722665
973 65 220287125
974 610 876668258
975 675 114349627
976 372 80457142
977 208 229722665
978 26 819210095
979 916 819210095
980 369 220287125
981 697 819210095
982 912 540077106
983 130 433828869
984 2 114349627
985 675 137236510
986 705 246350194
987 345 819210095
988 708 585623422
989 706 331760925
990 224 229722665
991 881 114349627
992 961 331760925
993 459 137236510
994 419 246350194
995 624 331760925
996 927 433828869
997 812 114349627
998 108 433828869
999 511 80457142
1000 753 229722665
1001 498 246350194
1002 840 819210095
1003 305 80457142
1004 823 876668258
1005 589 137236510
1006 806 246350194
1007 718 229722665
1008 75 229722665
1009 412 876668258
1010 24 80457142
1011 592 246350194
1012 996 585623422
1013 344 540077106
1014 518 114349627
1015 86 220287125
1016 613 331760925
1017 208 220287125
1018 2 585623422
1019 214 246350194
1020 898 114349627
1021 485 331760925
1022 463 229722665
1023 386 819210095
1024 132 819210095
1025 722 876668258
1026 87 331760925
1027 929 80457142
1028 893 246350194
1029 505 540077106
1030 762 540077106
1031 417 114349627
1032 387 229722665
1033 853 331760925
1034 620 876668258
1035 673 433828869
1036 653 114349627
1037 36 229722665
1038 353 229722665
1039 369 331760925
1040 600 246350194
1041 261 229722665
1042 671 246350194
1043 739 433828869
1044 611 80457142
1045 272 585623422
1046 931 540077106
1047 19 246350194
1048 126 585623422
1049 199 114349627
1050 132 137236510
1051 18 114349627
1052 1041 585623422
1053 37 433828869
1054 833 433828869
1055 968 137236510
1056 193 80457142
1057 828 819210095
1058 932 229722665
1059 704 80457142
1060 939 540077106
1061 965 80457142
1062 913 114349627
1063 133 80457142
1064 393 80457142
1065 1045 114349627
1066 106 220287125
1067 424 114349627
1068 3 246350194
1069 367 80457142
1070 432 433828869
1071 243 433828869
1072 1071 220287125
1073 273 229722665
1074 950 819210095
1075 869 331760925
1076 989 819210095
1077 729 585623422
1078 620 229722665
1079 208 220287125
1080 916 137236510
1081 677 331760925
1082 900 819210095
1083 411 819210095
1084 763 819210095
1085 1019 433828869
1086 202 229722665
1087 1059 137236510
1088 890 819210095
1089 1011 585623422
1090 521 80457142
1091 637 819210095
1092 994 114349627
1093 1039 246350194
1094 935 331760925
1095 548 819210095
1096 776 433828869
1097 734 137236510
1098 607 246350194
1099 368 220287125
1100 671 433828869
1101 68 819210095
1102 1075 433828869
1103 1010 80457142
1104 1067 585623422
1105 402 220287125
1106 469 114349627
1107 1095 229722665
1108 237 433828869
1109 469 114349627
1110 129 819210095
1111 35 585623422
1112 981 114349627
1113 654 229722665
1114 583 220287125
1115 425 229722665
1116 268 220287125
1117 553 80457142
1118 278 220287125
1119 629 246350194
1120 331 876668258
1121 507 229722665
1122 1054 246350194
1123 327 819210095
1124 812 80457142
1125 627 80457142
1126 1034 220287125
1127 299 331760925
1128 71 220287125
1129 979 229722665
1130 533 585623422
1131 487 433828869
1132 1027 540077106
1133 705 220287125
1134 1072 540077106
1135 305 585623422
1136 679 114349627
1137 748 585623422
1138 456 540077106
1139 436 220287125
1140 405 876668258
1141 254 876668258
1142 647 331760925
1143 585 540077106
1144 851 331760925
1145 69 585623422
1146 463 876668258
1147 450 876668258
1148 1118 229722665
1149 613 137236510
1150 646 137236510
1151 1047 80457142
1152 391 137236510
1153 774 246350194
1154 1125 433828869
1155 320 229722665
1156 1112 540077106
1157 73 540077106
1158 386 876668258
1159 225 114349627
1160 363 819210095
1161 73 114349627
1162 743 229722665
1163 726 331760925
1164 648 220287125
1165 1128 137236510
1166 473 114349627
1167 895 246350194
1168 855 114349627
1169 133 246350194
1170 52 819210095
1171 136 246350194
1172 81 220287125
1173 1122 585623422
1174 948 540077106
1175 285 540077106
1176 258 114349627
1177 31 585623422
1178 617 80457142
1179 681 876668258
1180 566 137236510
1181 1086 876668258
1182 844 876668258
1183 521 137236510
1184 941 246350194
1185 392 331760925
1186 1140 137236510
1187 695 80457142
1188 634 114349627
1189 685 114349627
1190 840 876668258
1191 209 137236510
1192 32 585623422
1193 20 433828869
1194 1137 229722665
1195 707 540077106
1196 432 246350194
1197 775 220287125
1198 493 433828869
1199 627 540077106
1200 208 433828869
1201 271 80457142
1202 95 433828869
1203 176 80457142
1204 1011 876668258
1205 555 876668258
1206 45 876668258
1207 1072 540077106
1208 1087 137236510
1209 343 331760925
1210 273 114349627
1211 292 585623422
1212 435 585623422
1213 1068 246350194
1214 971 876668258
1215 618 114349627
1216 955 819210095
1217 1142 540077106
1218 525 137236510
1219 951 331760925
1220 937 433828869
1221 643 876668258
1222 484 331760925
1223 483 331760925
1224 868 229722665
1225 1191 876668258
1226 108 876668258
1227 555 246350194
1228 786 585623422
1229 594 819210095
1230 383 114349627
1231 980 220287125
1232 197 585623422
1233 94 331760925
1234 549 540077106
1235 414 137236510
1236 954 114349627
1237 1044 220287125
1238 1142 80457142
1239 399 585623422
1240 1172 540077106
1241 26 819210095
1242 155 819210095
1243 1097 876668258
1244 998 220287125
1245 319 876668258
1246 389 246350194
1247 708 585623422
1248 1113 137236510
1249 132 220287125
1250 215 433828869
1251 923 819210095
1252 966 220287125
1253 880 433828869
1254 28 137236510
1255 418 540077106
1256 890 220287125
1257 759 229722665
1258 877 220287125
1259 907 114349627
1260 972 433828869
1261 327 80457142
1262 1144 80457142
1263 523 819210095
1264 1002 229722665
1265 104 433828869
1266 1176 220287125
1267 487 585623422
1268 283 220287125
1269 721 220287125
1270 26 137236510
1271 1222 331760925
1272 783 585623422
1273 1204 331760925
1274 806 80457142
1275 760 331760925
1276 165 331760925
1277 1011 114349627
1278 117 331760925
1279 426 433828869
1280 944 585623422
1281 998 876668258
1282 1263 137236510
1283 398 80457142
1284 1227 114349627
1285 1099 540077106
1286 383 229722665
1287 737 246350194
1288 749 137236510
1289 632 540077106
1290 473 137236510
1291 994 585623422
1292 882 80457142
1293 1259 80457142
1294 490 80457142
1295 1028 229722665
1296 326 229722665
1297 158 220287125
1298 987 819210095
1299 1117 229722665
1300 1282 585623422
1301 791 819210095
1302 595 819210095
1303 1028 540077106
1304 339 220287125
1305 937 819210095
1306 128 114349627
1307 75 137236510
1308 1279 819210095
1309 205 80457142
1310 659 819210095
1311 575 819210095
1312 775 876668258
1313 15 876668258
1314 1072 246350194
1315 538 229722665
1316 1102 220287125
1317 1188 331760925
1318 157 876668258
1319 1009 246350194
1320 885 246350194
1321 661 585623422
1322 1051 220287125
1323 771 220287125
1324 895 220287125
1325 675 137236510
1326 1093 585623422
1327 236 137236510
1328 280 585623422
1329 151 246350194
1330 784 433828869
1331 1281 137236510
1332 1313 331760925
1333 792 585623422
1334 209 80457142
1335 819 137236510
1336 31 220287125
1337 540 137236510
1338 96 220287125
1339 99 80457142
1340 650 137236510
1341 755 220287125
1342 870 540077106
1343 1027 433828869
1344 346 80457142
1345 1204 540077106
1346 550 137236510
1347 68 137236510
1348 1001 433828869
1349 663 331760925
1350 1190 585623422
1351 13 433828869
1352 336 229722665
1353 1251 229722665
1354 513 433828869
1355 296 540077106
1356 168 585623422
1357 781 876668258
1358 1047 331760925
1359 270 220287125
1360 760 433828869
1361 213 137236510
1362 1282 80457142
1363 722 585623422
1364 1258 137236510
1365 114 433828869
1366 252 229722665
1367 937 114349627
1368 947 331760925
1369 170 246350194
1370 1253 246350194
1371 67 331760925
1372 54 819210095
1373 255 819210095
1374 282 585623422
1375 229 137236510
1376 220 540077106
1377 1193 819210095
1378 1371 80457142
1379 276 220287125
1380 1272 246350194
1381 1264 220287125
1382 1190 220287125
1383 145 876668258
1384 649 433828869
1385 822 585623422
1386 1225 229722665
1387 206 114349627
1388 1335 246350194
1389 871 114349627
1390 973 540077106
1391 636 540077106
1392 201 819210095
1393 61 331760925
1394 1018 229722665
1395 530 229722665
1396 625 331760925
1397 815 229722665
1398 1098 585623422
1399 58 229722665
1400 570 819210095
1401 1262 80457142
1402 522 433828869
1403 821 114349627
1404 438 220287125
1405 884 114349627
1406 946 114349627
1407 827 819210095
1408 933 876668258
1409 65 114349627
1410 1083 220287125
1411 802 585623422
1412 638 80457142
1413 1235 114349627
1414 519 540077106
1415 800 819210095
1416 1158 585623422
1417 1033 540077106
1418 1252 229722665
1419 107 229722665
1420 489 876668258
1421 1388 819210095
1422 729 819210095
1423 936 80457142
1424 217 114349627
1425 899 114349627
1426 853 876668258
1427 431 876668258
1428 355 114349627
1429 1205 80457142
1430 883 876668258
1431 280 229722665
1432 1154 80457142
1433 573 876668258
1434 1105 246350194
1435 203 819210095
1436 234 80457142
1437 838 246350194
1438 1369 220287125
1439 633 220287125
1440 518 229722665
1441 977 246350194
1442 1217 540077106
1443 1250 585623422
1444 436 540077106
1445 933 229722665
1446 568 246350194
1447 37 540077106
1448 802 229722665
1449 1401 540077106
1450 467 585623422
1451 1315 876668258
1452 758 80457142
1453 932 819210095
1454 714 246350194
1455 1187 229722665
1456 54 819210095
1457 1018 819210095
1458 177 819210095
1459 190 246350194
1460 1215 540077106
1461 19 220287125
1462 565 540077106
1463 338 80457142
1464 1101 229722665
1465 515 331760925
1466 561 876668258
1467 821 220287125
1468 683 137236510
1469 682 114349627
1470 851 540077106
1471 873 433828869
1472 654 246350194
1473 301 114349627
1474 515 246350194
1475 357 229722665
1476 116 331760925
1477 1088 114349627
1478 720 819210095
1479 38 229722665
1480 1457 331760925
1481 498 137236510
1482 1145 246350194
1483 246 540077106
1484 210 229722665
1485 836 540077106
1486 229 114349627
1487 1275 220287125
1488 571 876668258
1489 759 819210095
1490 536 876668258
1491 157 540077106
1492 1113 137236510
1493 1190 331760925
1494 1336 819210095
1495 30 585623422
1496 1326 331760925
1497 699 246350194
1498 1254 819210095
1499 24 137236510
1500 833 540077106
1501 1086 585623422
1502 502 433828869
1503 541 876668258
1504 166 229722665
1505 1032 819210095
1506 525 80457142
1507 421 80457142
1508 349 114349627
1509 386 876668258
1510 642 331760925
1511 78 220287125
1512 1194 540077106
1513 615 331760925
1514 1321 220287125
1515 1369 114349627
1516 633 585623422
1517 278 220287125
1518 102 331760925
1519 991 331760925
1520 211 331760925
1521 206 246350194
1522 284 80457142
1523 774 433828869
1524 1298 433828869
1525 1008 229722665
1526 1115 137236510
1527 1413 137236510
1528 1321 246350194
1529 1498 876668258
1530 497 229722665
1531 1218 246350194
1532 664 819210095
1533 991 819210095
1534 377 137236510
1535 722 246350194
1536 1281 876668258
1537 23 80457142
1538 1516 876668258
1539 822 137236510
1540 242 331760925
1541 786 331760925
1542 1484 331760925
1543 187 80457142
1544 1035 876668258
1545 77 540077106
1546 1281 220287125
1547 850 229722665
1548 991 246350194
1549 1132 137236510
1550 870 220287125
1551 1030 246350194
1552 279 114349627
1553 1122 220287125
1554 369 229722665
1555 569 137236510
1556 1302 540077106
1557 475 819210095
1558 28 433828869
1559 840 229722665
1560 521 220287125
1561 740 114349627
1562 1437 220287125
1563 1322 137236510
1564 732 585623422
1565 62 876668258
1566 765 220287125
1567 742 246350194
1568 63 80457142
1569 621 220287125
1570 539 229722665
1571 520 220287125
1572 1095 229722665
1573 1380 220287125
1574 560 137236510
1575 1520 80457142
1576 156 585623422
1577 583 876668258
1578 1169 137236510
1579 17 433828869
1580 13 540077106
1581 193 331760925
1582 1532 80457142
1583 93 876668258
1584 926 114349627
1585 856 540077106
1586 46 433828869
1587 528 585623422
1588 739 229722665
1589 1381 433828869
1590 785 819210095
1591 359 433828869
1592 1413 220287125
1593 509 433828869
1594 1381 819210095
1595 1126 220287125
1596 844 540077106
1597 1326 80457142
1598 1158 137236510
1599 374 331760925
1600 1126 229722665
1601 735 137236510
1602 1237 137236510
1603 1333 246350194
1604 666 80457142
1605 21 585623422
1606 1034 331760925
1607 517 331760925
1608 384 876668258
1609 1123 114349627
1610 595 819210095
1611 1062 540077106
1612 490 585623422
1613 17 114349627
1614 1298 433828869
1615 897 540077106
1616 423 137236510
1617 691 220287125
1618 843 114349627
1619 579 229722665
1620 1292 229722665
1621 1400 876668258
1622 381 433828869
1623 523 819210095
1624 210 80457142
1625 1456 246350194
1626 1451 246350194
1627 220 137236510
1628 1482 80457142
1629 767 331760925
1630 1549 80457142
1631 1497 246350194
1632 254 433828869
1633 1281 819210095
1634 1326 137236510
1635 816 819210095
1636 794 540077106
1637 323 540077106
1638 429 585623422
1639 1315 433828869
1640 461 246350194
1641 778 540077106
1642 1474 114349627
1643 1403 114349627
1644 1496 80457142
1645 108 137236510
1646 1107 137236510
1647 1582 246350194
1648 1126 229722665
1649 1048 114349627
1650 94 137236510
1651 58 220287125
1652 184 876668258
1653 151 137236510
1654 628 114349627
1655 484 114349627
1656 251 220287125
1657 921 331760925
1658 1062 540077106
1659 683 819210095
1660 662 229722665
1661 761 433828869
1662 1412 246350194
1663 1550 246350194
1664 1191 246350194
1665 1639 80457142
1666 1322 331760925
1667 138 80457142
1668 589 876668258
1669 884 80457142
1670 227 433828869
1671 1657 331760925
1672 528 220287125
1673 27 80457142
1674 203 137236510
1675 921 585623422
1676 1166 819210095
1677 730 114349627
1678 1259 819210095
1679 565 819210095
1680 337 433828869
1681 11 331760925
1682 1668 876668258
1683 836 137236510
1684 438 137236510
1685 487 540077106
1686 475 585623422
1687 940 246350194
1688 805 246350194
1689 726 433828869
1690 262 876668258
1691 180 819210095
1692 761 229722665
1693 1549 585623422
1694 956 246350194
1695 1180 876668258
1696 188 137236510
1697 548 114349627
1698 1596 433828869
1699 803 114349627
1700 975 819210095
1701 1002 819210095
1702 1184 819210095
1703 517 540077106
1704 397 229722665
1705 392 876668258
1706 1690 229722665
1707 169 876668258
1708 368 137236510
1709 1700 220287125
1710 1579 331760925
1711 527 819210095
1712 242 433828869
1713 32 137236510
1714 1549 331760925
1715 463 246350194
1716 484 220287125
1717 742 819210095
1718 781 220287125
1719 267 137236510
1720 1705 540077106
1721 801 80457142
1722 1228 876668258
1723 1173 80457142
1724 1400 246350194
1725 481 220287125
1726 432 433828869
1727 521 220287125
1728 75 331760925
1729 461 229722665
1730 1148 331760925
1731 1342 220287125
1732 570 876668258
1733 1279 246350194
1734 25 229722665
1735 1234 229722665
1736 1483 137236510
1737 286 540077106
1738 1392 331760925
1739 335 246350194
1740 3 229722665
1741 1012 433828869
1742 39 876668258
1743 1142 331760925
1744 594 540077106
1745 378 540077106
1746 650 246350194
1747 577 229722665
1748 1140 246350194
1749 1305 433828869
1750 122 819210095
1751 131 876668258
1752 8 114349627
1753 1006 246350194
1754 1008 876668258
1755 377 220287125
1756 1679 819210095
1757 707 819210095
1758 1241 229722665
1759 830 220287125
1760 1099 540077106
1761 469 220287125
1762 1636 137236510
1763 1568 540077106
1764 1190 331760925
1765 270 585623422
1766 1488 246350194
1767 1517 433828869
1768 242 876668258
1769 161 137236510
1770 956 114349627
1771 1026 331760925
1772 906 114349627
1773 20 246350194
1774 346 114349627
1775 729 585623422
1776 1448 137236510
1777 813 137236510
1778 112 433828869
1779 602 876668258
1780 1202 585623422
1781 1657 229722665
1782 941 433828869
1783 1105 585623422
1784 643 540077106
1785 91 331760925
1786 143 433828869
1787 884 137236510
1788 143 229722665
1789 642 585623422
1790 1613 80457142
1791 1010 137236510
1792 944 137236510
1793 817 876668258
1794 1713 876668258
1795 1463 433828869
1796 1353 331760925
1797 1476 433828869
1798 930 876668258
1799 1365 585623422
1800 198 246350194
1801 972 819210095
1802 1721 819210095
1803 423 331760925
1804 917 246350194
1805 103 819210095
1806 872 220287125
1807 1014 876668258
1808 1237 540077106
1809 1359 331760925
1810 161 80457142
1811 1286 220287125
1812 781 246350194
1813 901 220287125
1814 271 819210095
1815 1023 220287125
1816 1534 585623422
1817 250 819210095
1818 1430 433828869
1819 1295 433828869
1820 139 331760925
1821 1110 80457142
1822 855 137236510
1823 176 819210095
1824 1803 137236510
1825 21 540077106
1826 502 246350194
1827 72 433828869
1828 673 433828869
1829 579 819210095
1830 141 876668258
1831 1471 246350194
1832 1074 819210095
1833 508 876668258
1834 1761 819210095
1835 1696 80457142
1836 217 819210095
1837 1809 229722665
1838 64 331760925
1839 480 137236510
1840 619 80457142
1841 802 540077106
1842 95 229722665
1843 992 819210095
1844 955 246350194
1845 429 137236510
1846 1774 331760925
1847 868 819210095
1848 906 80457142
1849 719 137236510
1850 1605 220287125
1851 1550 246350194
1852 385 80457142
1853 531 876668258
1854 667 220287125
1855 642 433828869
1856 1825 331760925
1857 1780 331760925
1858 99 229722665
1859 1390 819210095
1860 1834 819210095
1861 677 137236510
1862 605 540077106
1863 491 220287125
1864 852 220287125
1865 1084 220287125
1866 1683 540077106
1867 1778 819210095
1868 1487 220287125
1869 1782 114349627
1870 363 137236510
1871 415 220287125
1872 355 80457142
1873 587 331760925
1874 1706 229722665
1875 1544 114349627
1876 1171 80457142
1877 1125 246350194
1878 1791 80457142
1879 1439 114349627
1880 950 229722665
1881 1312 137236510
1882 444 876668258
1883 1234 540077106
1884 278 876668258
1885 1469 876668258
1886 288 819210095
1887 1209 819210095
1888 1878 229722665
1889 1444 246350194
1890 891 114349627
1891 707 876668258
1892 400 331760925
1893 1432 433828869
1894 1859 540077106
1895 1826 229722665
1896 864 246350194
1897 1761 229722665
1898 526 433828869
1899 1445 220287125
1900 1301 585623422
1901 1578 585623422
1902 1006 137236510
1903 1657 246350194
1904 1103 585623422
1905 1389 137236510
1906 601 137236510
1907 1388 229722665
1908 1511 331760925
1909 1337 819210095
1910 921 540077106
1911 885 114349627
1912 1677 876668258
1913 1399 137236510
1914 1447 433828869
1915 844 80457142
1916 613 876668258
1917 1709 220287125
1918 914 229722665
1919 1421 220287125
1920 1526 114349627
1921 502 80457142
1922 1774 876668258
1923 1473 819210095
1924 74 433828869
1925 514 137236510
1926 1618 80457142
1927 975 229722665
1928 565 137236510
1929 831 433828869
1930 1675 137236510
1931 1396 220287125
1932 1404 331760925
1933 98 819210095
1934 4 433828869
1935 921 331760925
1936 650 433828869
1937 749 331760925
1938 387 80457142
1939 1554 876668258
1940 544 229722665
1941 1306 876668258
1942 1205 246350194
1943 1025 246350194
1944 1745 433828869
1945 1688 114349627
1946 1909 540077106
1947 1260 585623422
1948 815 819210095
1949 1049 220287125
1950 448 114349627
1951 1758 246350194
1952 1109 137236510
1953 1345 540077106
1954 173 114349627
1955 1040 331760925
1956 1371 137236510
1957 566 331760925
1958 1578 229722665
1959 1711 137236510
1960 586 220287125
1961 1609 540077106
1962 959 137236510
1963 804 331760925
1964 210 819210095
1965 673 331760925
1966 921 246350194
1967 1589 331760925
1968 560 331760925
1969 1695 433828869
1970 1795 246350194
1971 1965 876668258
1972 743 246350194
1973 234 220287125
1974 896 80457142
1975 1081 819210095
1976 947 137236510
1977 849 585623422
1978 612 585623422
1979 462 433828869
1980 1482 331760925
1981 243 229722665
1982 719 540077106
1983 559 114349627
1984 1625 246350194
1985 983 114349627
1986 1280 246350194
1987 470 585623422
1988 640 331760925
1989 1308 876668258
1990 1668 220287125
1991 979 137236510
1992 1322 540077106
1993 1788 433828869
1994 1538 80457142
1995 830 229722665
1996 1486 220287125
1997 1110 540077106
1998 1511 433828869
1999 1390 331760925
2000 77 331760925
2001 582 80457142
2002 94 585623422
2003 1983 137236510
2004 974 246350194
2005 1271 137236510
2006 227 80457142
2007 978 220287125
2008 1876 819210095
2009 1451 80457142
2010 1234 137236510
2011 679 137236510
2012 926 876668258
2013 1806 585623422
2014 959 220287125
2015 877 331760925
2016 1458 331760925
2017 364 331760925
2018 1595 331760925
2019 1018 331760925
2020 7 229722665
2021 53 246350194
2022 1323 137236510
2023 920 114349627
2024 1725 229722665
2025 676 220287125
2026 1179 114349627
2027 1654 585623422
2028 1541 540077106
2029 1355 585623422
2030 561 819210095
2031 596 114349627
2032 776 876668258
2033 791 540077106
2034 689 540077106
2035 739 137236510
2036 1986 246350194
2037 1848 585623422
2038 1487 220287125
2039 1185 585623422
2040 407 114349627
2041 1717 220287125
2042 795 433828869
2043 928 819210095
2044 802 540077106
2045 1246 819210095
2046 139 220287125
2047 1532 540077106
2048 1260 876668258
2049 1962 585623422
2050 1266 585623422
2051 312 585623422
2052 1078 433828869
2053 107 246350194
2054 1397 246350194
2055 1003 220287125
2056 1108 246350194
2057 949 137236510
2058 1528 876668258
2059 1003 585623422
2060 190 819210095
2061 1460 540077106
2062 522 114349627
2063 1199 80457142
2064 533 246350194
2065 614 819210095
2066 215 137236510
2067 1580 246350194
2068 1298 114349627
2069 1233 876668258
2070 973 220287125
2071 1967 80457142
2072 1959 114349627
2073 393 114349627
2074 961 229722665
2075 865 876668258
2076 505 585623422
2077 1195 433828869
2078 70 876668258
2079 1789 585623422
2080 1409 220287125
2081 775 229722665
2082 1540 540077106
2083 1838 331760925
2084 13 540077106
2085 1032 137236510
2086 1774 433828869
2087 330 220287125
2088 157 331760925
2089 250 819210095
2090 1308 229722665
2091 1829 80457142
2092 929 220287125
2093 855 585623422
2094 1591 137236510
2095 1099 876668258
2096 2043 80457142
2097 2006 433828869
2098 284 540077106
2099 1714 540077106
2100 1249 220287125
2101 2066 229722665
2102 506 540077106
2103 865 220287125
2104 979 876668258
2105 252 540077106
2106 494 137236510
2107 1081 114349627
2108 1434 220287125
2109 237 585623422
2110 977 114349627
2111 219 819210095
2112 1007 137236510
2113 500 540077106
2114 573 246350194
2115 1924 585623422
2116 1314 331760925
2117 1399 114349627
2118 1485 114349627
2119 402 819210095
2120 524 137236510
2121 1023 433828869
2122 1993 876668258
2123 836 819210095
2124 1583 433828869
2125 1937 229722665
2126 399 220287125
2127 1525 585623422
2128 227 876668258
2129 909 220287125
2130 2023 114349627
2131 1287 80457142
2132 101 114349627
2133 1844 585623422
2134 1 220287125
2135 1681 137236510
2136 1710 220287125
2137 1698 331760925
2138 869 433828869
2139 574 80457142
2140 275 585623422
2141 2021 220287125
2142 1147 819210095
2143 45 137236510
2144 893 876668258
2145 880 246350194
2146 1554 331760925
2147 769 819210095
2148 1679 114349627
2149 2140 540077106
2150 43 819210095
2151 1468 220287125
2152 6 220287125
2153 1946 220287125
2154 1906 540077106
2155 1660 433828869
2156 1997 540077106
2157 1335 246350194
2158 224 540077106
2159 671 331760925
2160 774 80457142
2161 1996 331760925
2162 219 229722665
2163 334 876668258
2164 1071 433828869
2165 1813 80457142
2166 1031 80457142
2167 1080 331760925
2168 1838 114349627
2169 1598 540077106
2170 1873 114349627
2171 1321 229722665
2172 639 433828869
2173 1538 114349627
2174 1023 114349627
2175 560 137236510
2176 1720 540077106
2177 1776 137236510
2178 1588 246350194
2179 31 246350194
2180 10 819210095
2181 1715 585623422
2182 683 876668258
2183 1686 220287125
2184 240 433828869
2185 1101 540077106
2186 1128 540077106
2187 1605 876668258
2188 1137 114349627
2189 868 585623422
2190 571 137236510
2191 1598 433828869
2192 1562 246350194
2193 393 876668258
2194 1733 433828869
2195 2033 876668258
2196 1460 80457142
2197 1175 876668258
2198 1887 433828869
2199 1951 433828869
2200 1714 229722665
2201 821 585623422
2202 1149 876668258
2203 1968 246350194
2204 909 819210095
2205 1040 220287125
2206 812 433828869
2207 696 114349627
2208 2201 876668258
2209 712 246350194
2210 428 246350194
2211 1057 819210095
2212 2075 229722665
2213 852 220287125
2214 1413 229722665
2215 117 331760925
2216 252 876668258
2217 2068 220287125
2218 791 114349627
2219 1060 331760925
2220 2077 876668258
2221 808 220287125
2222 48 246350194
2223 1321 80457142
2224 1180 540077106
2225 2136 220287125
2226 1477 819210095
2227 188 137236510
2228 1410 80457142
2229 421 819210095
2230 1437 433828869
2231 715 229722665
2232 4 137236510
2233 1850 433828869
2234 1181 585623422
2235 122 433828869
2236 1375 819210095
2237 451 137236510
2238 1886 540077106
2239 1904 246350194
2240 121 585623422
2241 587 80457142
2242 204 220287125
2243 262 114349627
2244 2126 876668258
2245 2003 433828869
2246 2043 246350194
2247 1357 137236510
2248 848 220287125
2249 1389 540077106
2250 5 114349627
2251 227 246350194
2252 249 229722665
2253 2251 80457142
2254 353 246350194
2255 1569 80457142
2256 247 220287125
2257 925 137236510
2258 2023 220287125
2259 471 819210095
2260 2223 229722665
2261 1063 876668258
2262 2229 114349627
2263 817 819210095
2264 2039 819210095
2265 42 80457142
2266 651 220287125
2267 2128 433828869
2268 1190 246350194
2269 939 246350194
2270 2185 876668258
2271 1529 331760925
2272 394 220287125
2273 1358 433828869
2274 1237 114349627
2275 927 819210095
2276 12 540077106
2277 941 229722665
2278 194 585623422
2279 972 819210095
2280 1823 220287125
2281 106 433828869
2282 1483 137236510
2283 1672 137236510
2284 1579 80457142
2285 1825 876668258
2286 1198 585623422
2287 2284 540077106
2288 1608 433828869
2289 811 80457142
2290 573 220287125
2291 400 819210095
2292 899 433828869
2293 2041 80457142
2294 927 540077106
2295 663 229722665
2296 12 876668258
2297 1705 585623422
2298 1799 114349627
2299 110 876668258
2300 1185 137236510
2301 396 585623422
2302 2156 114349627
2303 426 246350194
2304 758 433828869
2305 2084 229722665
2306 787 229722665
2307 1685 246350194
2308 1124 876668258
2309 825 819210095
2310 441 585623422
2311 2069 540077106
2312 1382 433828869
2313 327 80457142
2314 1332 331760925
2315 2197 331760925
2316 380 585623422
2317 2090 540077106
2318 1647 331760925
2319 2099 220287125
2320 1141 80457142
2321 727 114349627
2322 1850 433828869
2323 329 114349627
2324 132 819210095
2325 651 229722665
2326 1618 114349627
2327 612 331760925
2328 310 433828869
2329 1243 331760925
2330 1904 80457142
2331 1920 540077106
2332 503 819210095
2333 19 540077106
2334 2152 331760925
2335 2160 114349627
2336 468 331760925
2337 1795 819210095
2338 1565 246350194
2339 1014 819210095
2340 328 220287125
2341 2223 114349627
2342 434 80457142
2343 3 229722665
2344 1425 876668258
2345 858 331760925
2346 739 540077106
2347 1570 137236510
2348 2154 137236510
2349 519 220287125
2350 500 220287125
2351 765 114349627
2352 901 137236510
2353 533 229722665
2354 1681 137236510
2355 763 114349627
2356 1038 229722665
2357 338 229722665
2358 1097 229722665
2359 1444 819210095
2360 445 229722665
2361 747 220287125
2362 1074 331760925
2363 571 220287125
2364 442 220287125
2365 1962 540077106
2366 1694 585623422
2367 1808 433828869
2368 152 229722665
2369 29 229722665
2370 536 876668258
2371 1893 819210095
2372 799 229722665
2373 1079 137236510
2374 1185 876668258
2375 1724 433828869
2376 658 876668258
2377 1133 137236510
2378 285 246350194
2379 1578 229722665
2380 2313 80457142
2381 599 540077106
2382 688 585623422
2383 1765 540077106
2384 1437 246350194
2385 296 137236510
2386 74 876668258
2387 656 585623422
2388 1375 246350194
2389 308 876668258
2390 1918 80457142
2391 81 246350194
2392 638 876668258
2393 1254 220287125
2394 1212 246350194
2395 173 137236510
2396 559 80457142
2397 1843 540077106
2398 49 876668258
2399 643 433828869
2400 872 80457142
2401 1702 433828869
2402 1353 819210095
2403 890 433828869
2404 343 331760925
2405 2061 220287125
2406 2302 331760925
2407 1721 585623422
2408 401 433828869
2409 548 540077106
2410 865 220287125
2411 567 246350194
2412 1158 585623422
2413 1546 80457142
2414 849 80457142
2415 2164 114349627
2416 1496 585623422
2417 1637 433828869
2418 2320 540077106
2419 1872 585623422
2420 2190 137236510
2421 335 585623422
2422 619 876668258
2423 1981 819210095
2424 1114 80457142
2425 1055 433828869
2426 599 540077106
2427 1240 819210095
2428 357 819210095
2429 1437 114349627
2430 1333 80457142
2431 391 540077106
2432 494 229722665
2433 1875 220287125
2434 909 819210095
2435 1375 819210095
2436 415 331760925
2437 857 876668258
2438 1199 114349627
2439 1555 585623422
2440 1385 331760925
2441 1453 433828869
2442 1280 229722665
2443 1911 819210095
2444 1183 585623422
2445 108 819210095
2446 1698 540077106
2447 1711 433828869
2448 1888 585623422
2449 80 137236510
2450 505 585623422
2451 2274 229722665
2452 1322 331760925
2453 26 137236510
2454 1762 137236510
2455 762 220287125
2456 1950 876668258
2457 635 433828869
2458 620 220287125
2459 1966 229722665
2460 1457 540077106
2461 1204 246350194
2462 2095 220287125
2463 1921 220287125
2464 1409 433828869
2465 2232 433828869
2466 1208 433828869
2467 450 876668258
2468 1005 229722665
2469 1064 876668258
2470 2267 220287125
2471 487 220287125
2472 93 331760925
2473 66 585623422
2474 653 137236510
2475 1698 114349627
2476 346 433828869
2477 2345 433828869
2478 369 229722665
2479 669 540077106
2480 596 433828869
2481 2428 114349627
2482 1765 540077106
2483 1329 80457142
2484 126 819210095
2485 2145 331760925
2486 430 80457142
2487 2299 229722665
2488 2439 229722665
2489 606 220287125
2490 20 433828869
2491 2143 819210095
2492 1064 220287125