5
992
2 1 830044118
3 2 173928771
4 1 159396200
5 3 797824909
6 4 38708414
7 2 552392539
8 5 957431659
9 7 16395749
10 8 404120703
11 6 593155091
12 11 957431659
13 8 159396200
14 11 102797676
15 12 974877662
16 11 405692191
17 12 684089266
18 14 684089266
19 16 85325925
20 17 37443684
21 19 430103524
22 17 315195032
23 20 49010113
24 22 957431659
25 21 16395749
26 22 625848394
27 22 406747209
28 23 593155091
29 26 152343783
30 26 625848394
31 27 404115555
32 30 257302764
33 29 37443684
34 30 404115555
35 34 406747209
36 32 477592283
37 34 173928771
38 33 21295295
39 36 159396200
40 36 430103524
41 38 593155091
42 41 888389987
43 40 477592283
44 42 676867881
45 41 430103524
46 41 888389987
47 45 524081798
48 45 583099949
49 48 159396200
50 48 152343783
51 46 571557009
52 51 882598263
53 52 211421592
54 49 457295564
55 51 406747209
56 53 404115555
57 53 430103524
58 56 830044118
59 58 404911012
60 55 430103524
61 60 524081798
62 61 211421592
63 59 21295295
64 62 684089266
65 62 173928771
66 61 797824909
67 65 173928771
68 64 597098752
69 66 830044118
70 66 487893933
71 66 213945819
72 69 457295564
73 69 625848394
74 71 583099949
75 73 21295295
76 71 315195032
77 73 406747209
78 75 102797676
79 76 16395749
80 79 552392539
81 76 305242711
82 78 305242711
83 81 478039548
84 82 571557009
85 83 257302764
86 84 478039548
87 83 467200824
88 87 552392539
89 88 211421592
90 89 213945819
91 88 16395749
92 91 684089266
93 89 888389987
94 92 888389987
95 92 537758377
96 93 750066150
97 95 583099949
98 95 16395749
99 97 173928771
100 96 487893933
101 97 957431659
102 101 882598263
103 98 830044118
104 101 315195032
105 101 21295295
106 103 571557009
107 106 16395749
108 107 85325925
109 105 405692191
110 108 552392539
111 110 888389987
112 110 625848394
113 108 39652252
114 110 163470050
115 112 211421592
116 115 552392539
117 114 85325925
118 117 315195032
119 116 684089266
120 115 597098752
121 119 406747209
122 120 478039548
123 121 593155091
124 123 211421592
125 124 830044118
126 122 487893933
127 125 597098752
128 123 49010113
129 126 287681875
130 126 571557009
131 128 49010113
132 127 305242711
133 130 132598533
134 129 552392539
135 132 524081798
136 133 404120703
137 132 406747209
138 133 132598533
139 136 85325925
140 135 684089266
141 137 257302764
142 137 102797676
143 142 213945819
144 142 39652252
145 143 163470050
146 143 684089266
147 142 457295564
148 146 797824909
149 146 467200824
150 146 287681875
151 149 684089266
152 148 583099949
153 152 583099949
154 151 38708414
155 150 406747209
156 151 478039548
157 156 358889852
158 155 16395749
159 157 467200824
160 156 593155091
161 158 830044118
162 158 597098752
163 160 315195032
164 162 684089266
165 164 49010113
166 161 537758377
167 165 257302764
168 164 583099949
169 165 457295564
170 167 593155091
171 166 583099949
172 167 487893933
173 169 457295564
174 172 797824909
175 173 797824909
176 173 37443684
177 175 524081798
178 176 49010113
179 178 830044118
180 176 213883858
181 176 38708414
182 179 552392539
183 179 406747209
184 181 597098752
185 184 404115555
186 185 524081798
187 184 16395749
188 187 487893933
189 186 159396200
190 187 315195032
191 189 159396200
192 187 163470050
193 189 85325925
194 192 38708414
195 191 152343783
196 193 213883858
197 194 467200824
198 193 173928771
199 194 750066150
200 195 38708414
201 198 132598533
202 199 552392539
203 200 430103524
204 202 211421592
205 202 467200824
206 202 684089266
207 203 467200824
208 206 305242711
209 207 430103524
210 206 676867881
211 209 37443684
212 207 797824909
213 210 957431659
214 211 477592283
215 213 477592283
216 212 477592283
217 212 287681875
218 216 257302764
219 216 16395749
220 216 404115555
221 216 797824909
222 221 287681875
223 221 102797676
224 221 888389987
225 221 213883858
226 224 21295295
227 226 888389987
228 224 552392539
229 224 478039548
230 227 957431659
231 226 882598263
232 230 173928771
233 228 287681875
234 232 163470050
235 232 583099949
236 235 797824909
237 236 797824909
238 233 750066150
239 237 830044118
240 236 21295295
241 240 597098752
242 239 684089266
243 239 404115555
244 243 85325925
245 244 477592283
246 245 159396200
247 242 888389987
248 244 404115555
249 246 85325925
250 245 625848394
251 248 152343783
252 249 132598533
253 250 21295295
254 252 287681875
255 254 159396200
256 254 478039548
257 256 974877662
258 257 159396200
259 254 457295564
260 255 85325925
261 257 405692191
262 260 430103524
263 262 287681875
264 259 593155091
265 263 173928771
266 263 957431659
267 262 559005160
268 263 957431659
269 266 49010113
270 268 882598263
271 270 38708414
272 270 457295564
273 271 888389987
274 273 974877662
275 274 597098752
276 273 537758377
277 274 888389987
278 275 552392539
279 278 552392539
280 279 487893933
281 278 467200824
282 278 593155091
283 278 597098752
284 280 830044118
285 283 571557009
286 283 257302764
287 283 888389987
288 287 16395749
289 285 830044118
290 287 957431659
291 289 797824909
292 288 467200824
293 291 478039548
294 290 404115555
295 292 16395749
296 294 358889852
297 293 404911012
298 295 750066150
299 295 750066150
300 295 583099949
301 300 85325925
302 298 152343783
303 301 524081798
304 299 597098752
305 300 213883858
306 304 405692191
307 304 37443684
308 303 625848394
309 305 152343783
310 309 537758377
311 306 430103524
312 308 358889852
313 310 750066150
314 310 358889852
315 312 750066150
316 313 49010113
317 312 159396200
318 316 404115555
319 315 750066150
320 319 430103524
321 320 478039548
322 321 552392539
323 320 406747209
324 319 404120703
325 324 882598263
326 323 38708414
327 324 404911012
328 326 467200824
329 326 625848394
330 329 571557009
331 327 213883858
332 330 552392539
333 331 159396200
334 330 163470050
335 331 163470050
336 335 152343783
337 332 404115555
338 333 467200824
339 334 830044118
340 338 974877662
341 338 213945819
342 337 957431659
343 338 213945819
344 340 559005160
345 342 39652252
346 342 257302764
347 346 404115555
348 346 593155091
349 344 597098752
350 347 152343783
351 348 477592283
352 350 404911012
353 348 487893933
354 349 571557009
355 352 39652252
356 352 882598263
357 356 888389987
358 355 478039548
359 355 132598533
360 357 287681875
361 359 684089266
362 360 406747209
363 362 457295564
364 362 404911012
365 362 49010113
366 364 593155091
367 365 797824909
368 363 49010113
369 368 571557009
370 368 287681875
371 369 830044118
372 367 102797676
373 372 888389987
374 371 957431659
375 374 404911012
376 371 957431659
377 373 888389987
378 376 102797676
379 378 16395749
380 377 211421592
381 376 797824909
382 380 404911012
383 380 457295564
384 381 404911012
385 381 159396200
386 385 593155091
387 384 487893933
388 387 750066150
389 388 477592283
390 387 315195032
391 387 287681875
392 390 163470050
393 391 750066150
394 392 213883858
395 394 39652252
396 394 315195032
397 395 85325925
398 395 467200824
399 398 38708414
400 398 882598263
401 397 537758377
402 397 173928771
403 400 287681875
404 401 163470050
405 400 305242711
406 402 957431659
407 405 132598533
408 404 487893933
409 408 159396200
410 408 85325925
411 409 211421592
412 409 132598533
413 408 537758377
414 409 477592283
415 411 559005160
416 415 257302764
417 413 315195032
418 414 625848394
419 416 213883858
420 415 430103524
421 420 85325925
422 421 882598263
423 420 478039548
424 419 797824909
425 423 49010113
426 424 487893933
427 424 173928771
428 424 593155091
429 425 213883858
430 429 159396200
431 430 676867881
432 428 152343783
433 428 21295295
434 429 257302764
435 431 159396200
436 435 257302764
437 436 213883858
438 434 38708414
439 434 406747209
440 436 163470050
441 438 404115555
442 441 405692191
443 442 37443684
444 440 457295564
445 444 315195032
446 443 37443684
447 442 467200824
448 443 571557009
449 446 152343783
450 448 430103524
451 448 625848394
452 447 457295564
453 451 478039548
454 449 404115555
455 454 37443684
456 452 211421592
457 456 750066150
458 453 85325925
459 458 257302764
460 458 888389987
461 460 152343783
462 458 537758377
463 460 85325925
464 463 305242711
465 462 478039548
466 464 21295295
467 466 358889852
468 465 21295295
469 466 211421592
470 469 404120703
471 467 593155091
472 470 882598263
473 470 38708414
474 471 882598263
475 474 85325925
476 474 888389987
477 473 457295564
478 475 593155091
479 476 957431659
480 475 16395749
481 477 404120703
482 478 404120703
483 478 478039548
484 483 478039548
485 480 430103524
486 484 49010113
487 485 49010113
488 484 830044118
489 486 38708414
490 489 38708414
491 490 537758377
492 491 404115555
493 491 173928771
494 489 405692191
495 490 467200824
496 492 559005160
497 492 957431659
498 494 406747209
499 497 16395749
500 495 406747209
501 498 597098752
502 501 593155091
503 499 21295295
504 503 405692191
505 504 173928771
506 504 684089266
507 505 38708414
508 505 406747209
509 508 597098752
510 508 552392539
511 507 750066150
512 511 404911012
513 511 163470050
514 512 159396200
515 512 882598263
516 514 457295564
517 516 102797676
518 514 957431659
519 517 21295295
520 517 478039548
521 519 559005160
522 519 132598533
523 518 430103524
524 519 405692191
525 524 571557009
526 525 625848394
527 522 315195032
528 527 750066150
529 527 16395749
530 529 571557009
531 529 315195032
532 530 597098752
533 531 552392539
534 533 173928771
535 531 358889852
536 533 593155091
537 532 405692191
538 533 467200824
539 536 49010113
540 535 287681875
541 537 213883858
542 541 16395749
543 539 406747209
544 539 163470050
545 544 797824909
546 545 684089266
547 542 625848394
548 547 16395749
549 546 571557009
550 546 888389987
551 546 888389987
552 550 16395749
553 550 797824909
554 549 430103524
555 552 888389987
556 554 888389987
557 552 478039548
558 555 797824909
559 555 487893933
560 555 467200824
561 558 159396200
562 561 213883858
563 562 684089266
564 560 406747209
565 560 467200824
566 565 676867881
567 564 358889852
568 566 676867881
569 567 405692191
570 568 404120703
571 570 405692191
572 568 797824909
573 572 404115555
574 571 457295564
575 573 16395749
576 572 625848394
577 575 315195032
578 575 305242711
579 576 457295564
580 575 487893933
581 577 487893933
582 579 213883858
583 578 583099949
584 582 85325925
585 581 478039548
586 585 593155091
587 585 974877662
588 586 305242711
589 585 593155091
590 586 559005160
591 587 524081798
592 588 676867881
593 589 552392539
594 589 173928771
595 593 593155091
596 595 406747209
597 592 404911012
598 593 625848394
599 596 888389987
600 596 404911012
601 599 552392539
602 600 830044118
603 599 797824909
604 600 38708414
605 600 406747209
606 603 49010113
607 605 478039548
608 603 287681875
609 605 457295564
610 605 684089266
611 610 457295564
612 611 537758377
613 612 102797676
614 611 750066150
615 611 213883858
616 614 159396200
617 615 38708414
618 614 404120703
619 614 38708414
620 617 467200824
621 619 830044118
622 618 974877662
623 619 957431659
624 620 467200824
625 621 102797676
626 625 287681875
627 623 305242711
628 625 974877662
629 625 406747209
630 627 552392539
631 630 467200824
632 631 132598533
633 632 684089266
634 632 211421592
635 633 684089266
636 635 882598263
637 633 684089266
638 634 583099949
639 638 257302764
640 637 287681875
641 639 406747209
642 641 16395749
643 639 457295564
644 643 478039548
645 644 537758377
646 645 315195032
647 643 524081798
648 644 597098752
649 647 593155091
650 646 287681875
651 649 159396200
652 650 211421592
653 652 430103524
654 649 957431659
655 650 39652252
656 654 287681875
657 652 477592283
658 656 487893933
659 654 173928771
660 658 49010113
661 656 625848394
662 659 457295564
663 662 85325925
664 662 537758377
665 664 477592283
666 665 559005160
667 662 16395749
668 663 85325925
669 667 38708414
670 667 102797676
671 669 305242711
672 668 39652252
673 669 37443684
674 672 524081798
675 670 882598263
676 674 152343783
677 676 974877662
678 676 173928771
679 675 457295564
680 675 49010113
681 676 211421592
682 678 49010113
683 682 477592283
684 681 405692191
685 683 38708414
686 683 152343783
687 686 85325925
688 684 830044118
689 685 571557009
690 685 85325925
691 690 49010113
692 688 287681875
693 691 173928771
694 690 571557009
695 691 797824909
696 691 85325925
697 694 457295564
698 694 21295295
699 694 559005160
700 695 404115555
701 696 583099949
702 697 524081798
703 700 478039548
704 703 571557009
705 700 21295295
706 705 159396200
707 703 552392539
708 707 315195032
709 705 16395749
710 706 797824909
711 706 49010113
712 711 552392539
713 710 478039548
714 711 49010113
715 713 152343783
716 711 467200824
717 715 406747209
718 713 430103524
719 716 37443684
720 716 571557009
721 717 358889852
722 719 797824909
723 721 405692191
724 719 524081798
725 724 537758377
726 721 583099949
727 723 888389987
728 726 430103524
729 725 39652252
730 729 173928771
731 730 524081798
732 729 430103524
733 728 16395749
734 733 559005160
735 732 85325925
736 733 38708414
737 736 21295295
738 733 38708414
739 735 358889852
740 735 957431659
741 740 163470050
742 740 571557009
743 741 287681875
744 740 163470050
745 744 406747209
746 744 163470050
747 745 524081798
748 743 213945819
749 748 676867881
750 748 358889852
751 747 625848394
752 747 38708414
753 749 478039548
754 752 404120703
755 750 559005160
756 752 552392539
757 755 830044118
758 754 457295564
759 758 163470050
760 756 625848394
761 759 152343783
762 759 16395749
763 758 37443684
764 760 467200824
765 760 487893933
766 764 750066150
767 763 571557009
768 765 552392539
769 765 676867881
770 767 404911012
771 767 830044118
772 768 537758377
773 770 888389987
774 771 583099949
775 774 102797676
776 771 524081798
777 774 888389987
778 777 39652252
779 778 750066150
780 779 593155091
781 780 406747209
782 777 287681875
783 782 132598533
784 779 457295564
785 784 213883858
786 785 358889852
787 784 571557009
788 783 16395749
789 785 132598533
790 787 405692191
791 787 406747209
792 790 287681875
793 788 882598263
794 793 406747209
795 793 467200824
796 793 882598263
797 792 213945819
798 793 38708414
799 798 477592283
800 795 39652252
801 800 888389987
802 800 559005160
803 802 684089266
804 803 152343783
805 802 257302764
806 805 597098752
807 805 257302764
808 806 467200824
809 806 625848394
810 808 132598533
811 810 287681875
812 811 597098752
813 812 524081798
814 813 571557009
815 810 287681875
816 813 797824909
817 816 305242711
818 816 404115555
819 815 213883858
820 815 152343783
821 816 305242711
822 817 888389987
823 820 213945819
824 821 39652252
825 823 211421592
826 825 287681875
827 824 684089266
828 824 287681875
829 828 85325925
830 827 597098752
831 830 537758377
832 827 49010113
833 828 404115555
834 830 102797676
835 830 16395749
836 834 593155091
837 835 467200824
838 834 37443684
839 834 625848394
840 836 625848394
841 837 797824909
842 841 287681875
843 840 85325925
844 839 478039548
845 843 974877662
846 844 477592283
847 846 406747209
848 845 39652252
849 847 750066150
850 847 287681875
851 847 750066150
852 849 597098752
853 849 524081798
854 849 39652252
855 851 597098752
856 851 159396200
857 855 315195032
858 854 213883858
859 854 49010113
860 859 358889852
861 857 163470050
862 859 830044118
863 862 405692191
864 860 287681875
865 860 430103524
866 863 524081798
867 864 571557009
868 867 467200824
869 867 477592283
870 866 559005160
871 866 559005160
872 867 405692191
873 872 571557009
874 871 213945819
875 871 957431659
876 874 797824909
877 874 524081798
878 877 597098752
879 875 625848394
880 876 38708414
881 877 404911012
882 877 559005160
883 880 37443684
884 882 315195032
885 884 684089266
886 885 305242711
887 883 211421592
888 884 684089266
889 887 404120703
890 886 85325925
891 887 625848394
892 888 882598263
893 890 888389987
894 891 173928771
895 891 571557009
896 893 524081798
897 892 405692191
898 895 305242711
899 896 537758377
900 895 478039548
901 898 797824909
902 898 552392539
903 899 85325925
904 901 593155091
905 903 159396200
906 903 404120703
907 904 882598263
908 904 37443684
909 907 39652252
910 907 537758377
911 907 358889852
912 910 467200824
913 910 404911012
914 913 487893933
915 910 524081798
916 915 358889852
917 913 405692191
918 915 487893933
919 914 37443684
920 919 38708414
921 920 478039548
922 919 49010113
923 919 625848394
924 922 552392539
925 923 676867881
926 925 39652252
927 923 537758377
928 927 888389987
929 928 159396200
930 928 315195032
931 927 830044118
932 931 477592283
933 929 49010113
934 931 404911012
935 932 457295564
936 931 571557009
937 936 405692191
938 933 478039548
939 938 593155091
940 937 830044118
941 940 16395749
942 939 85325925
943 940 39652252
944 942 467200824
945 944 597098752
946 941 597098752
947 943 159396200
948 947 159396200
949 947 315195032
950 947 478039548
951 947 478039548
952 949 571557009
953 950 524081798
954 950 559005160
955 950 404120703
956 955 593155091
957 953 152343783
958 955 477592283
959 955 49010113
960 955 102797676
961 958 358889852
962 960 537758377
963 958 406747209
964 961 102797676
965 960 405692191
966 961 888389987
967 963 405692191
968 967 457295564
969 966 38708414
970 969 211421592
971 967 404911012
972 968 457295564
973 971 152343783
974 972 974877662
975 974 957431659
976 971 974877662
977 976 487893933
978 973 559005160
979 977 173928771
980 979 457295564
981 980 571557009
982 981 524081798
983 982 152343783
984 983 38708414
985 980 797824909
986 983 524081798
987 982 882598263
988 986 467200824
989 986 537758377
990 988 478039548
991 988 676867881
992 987 684089266
984
1 2 323996672
2 3 467730719
3 4 985483500
4 5 253189598
4 6 369367851
6 7 369363174
7 8 883483728
8 9 365207668
9 10 926044802
9 11 139028046
10 12 858659665
10 13 138392837
12 14 907607094
8 15 365207668
12 16 139028046
14 17 365207668
16 18 604867810
15 19 883483728
19 20 478770345
20 21 32895453
20 22 754986210
20 23 821243687
19 24 857786412
22 25 926044802
21 26 467730719
22 27 821243687
25 28 577756262
28 29 369367851
28 30 138392837
25 31 503246735
31 32 995384230
30 33 503246735
30 34 657851718
28 35 32895453
35 36 985483500
36 37 416876687
36 38 503246735
38 39 503246735
29 40 754986210
40 41 139028046
41 42 882639021
42 43 76646122
40 44 843335951
43 45 754986210
40 46 32895453
46 47 987213207
46 48 857786412
46 49 843335951
40 50 516672140
44 51 365207668
40 52 976408577
50 53 604867810
51 54 987213207
52 55 821243687
50 56 985483500
53 57 657851718
52 58 657851718
53 59 253189598
57 60 926044802
49 61 32895453
59 62 365207668
59 63 883483728
54 64 771701059
64 65 858659665
64 66 799972869
65 67 846635862
64 68 577756262
65 69 212404294
65 70 365207668
66 71 976408577
60 72 657851718
69 73 913081258
72 74 882639021
56 75 843335951
49 76 323996672
72 77 857786412
75 78 843335951
70 79 37289954
75 80 503246735
68 81 657851718
79 82 478770345
77 83 987213207
64 84 995384230
71 85 913081258
82 86 882639021
83 87 32895453
71 88 754986210
81 89 416876687
87 90 138392837
90 91 913081258
86 92 882639021
85 93 516672140
88 94 416876687
87 95 228040232
95 96 882639021
96 97 995384230
81 98 228040232
95 99 369363174
72 100 821243687
96 101 369363174
96 102 467730719
83 103 995384230
103 104 883483728
86 105 858659665
105 106 228040232
98 107 253189598
92 108 754986210
108 109 37289954
85 110 138392837
98 111 995384230
96 112 467730719
108 113 907607094
110 114 76646122
113 115 577756262
99 116 467730719
116 117 253189598
105 118 76646122
103 119 76646122
114 120 228040232
119 121 986962794
82 122 365207668
101 123 604867810
100 124 577756262
113 125 846635862
108 126 907607094
125 127 577756262
84 128 883483728
122 129 631230437
115 130 369363174
124 131 139028046
103 132 416876687
101 133 604867810
129 134 228040232
129 135 323996672
133 136 821243687
131 137 369363174
131 138 577756262
138 139 771701059
137 140 467730719
136 141 516672140
124 142 987213207
132 143 365207668
140 144 32895453
114 145 467730719
144 146 228040232
145 147 323996672
124 148 631230437
132 149 577756262
146 150 986962794
147 151 857786412
129 152 995384230
109 153 577756262
132 154 253189598
153 155 516672140
132 156 577756262
149 157 365207668
146 158 907607094
108 159 882639021
150 160 771701059
157 161 858659665
159 162 846635862
156 163 37289954
143 164 76646122
161 165 913081258
156 166 32895453
161 167 139028046
163 168 995384230
125 169 503246735
164 170 467730719
162 171 139028046
162 172 985483500
146 173 907607094
170 174 503246735
167 175 503246735
150 176 577756262
174 177 857786412
142 178 987213207
178 179 987213207
161 180 882639021
121 181 985483500
179 182 846635862
167 183 516672140
176 184 754986210
121 185 907607094
146 186 995384230
167 187 478770345
159 188 926044802
153 189 926044802
168 190 799972869
187 191 253189598
161 192 516672140
179 193 503246735
184 194 843335951
156 195 253189598
178 196 858659665
193 197 913081258
196 198 907607094
194 199 857786412
168 200 139028046
193 201 478770345
152 202 657851718
199 203 976408577
185 204 139028046
195 205 926044802
182 206 985483500
181 207 139028046
204 208 323996672
193 209 987213207
184 210 799972869
159 211 882639021
197 212 882639021
181 213 138392837
207 214 516672140
199 215 416876687
187 216 478770345
197 217 577756262
215 218 139028046
198 219 32895453
183 220 467730719
217 221 478770345
210 222 986962794
161 223 478770345
211 224 926044802
201 225 323996672
216 226 369363174
172 227 843335951
200 228 799972869
220 229 478770345
222 230 516672140
198 231 657851718
224 232 416876687
207 233 986962794
183 234 416876687
226 235 32895453
223 236 323996672
230 237 604867810
231 238 754986210
232 239 926044802
177 240 516672140
227 241 253189598
216 242 253189598
220 243 657851718
232 244 926044802
210 245 516672140
216 246 76646122
198 247 631230437
242 248 657851718
232 249 857786412
240 250 846635862
168 251 516672140
202 252 976408577
247 253 858659665
214 254 926044802
251 255 369367851
241 256 228040232
217 257 846635862
253 258 369367851
181 259 467730719
199 260 516672140
256 261 253189598
215 262 771701059
257 263 631230437
260 264 212404294
206 265 212404294
223 266 274311102
218 267 987213207
201 268 926044802
263 269 503246735
263 270 604867810
252 271 995384230
261 272 987213207
257 273 138392837
259 274 987213207
257 275 883483728
262 276 986962794
265 277 985483500
240 278 369363174
206 279 976408577
254 280 986962794
279 281 976408577
281 282 799972869
274 283 228040232
277 284 369367851
205 285 274311102
276 286 369367851
285 287 821243687
261 288 799972869
250 289 369363174
253 290 32895453
259 291 478770345
283 292 846635862
281 293 212404294
265 294 771701059
273 295 369367851
267 296 516672140
261 297 985483500
267 298 976408577
249 299 138392837
285 300 799972869
207 301 138392837
248 302 987213207
220 303 858659665
279 304 369363174
269 305 253189598
298 306 138392837
274 307 995384230
304 308 369363174
281 309 882639021
236 310 995384230
282 311 858659665
307 312 76646122
298 313 976408577
291 314 987213207
256 315 846635862
313 316 212404294
295 317 857786412
311 318 228040232
295 319 604867810
311 320 858659665
276 321 986962794
238 322 843335951
302 323 907607094
302 324 577756262
306 325 416876687
264 326 139028046
294 327 37289954
285 328 986962794
313 329 657851718
271 330 604867810
327 331 913081258
292 332 799972869
322 333 323996672
315 334 631230437
258 335 138392837
282 336 416876687
336 337 995384230
294 338 274311102
333 339 843335951
339 340 503246735
305 341 416876687
309 342 577756262
261 343 995384230
266 344 37289954
332 345 995384230
321 346 604867810
339 347 985483500
305 348 76646122
330 349 212404294
340 350 857786412
350 351 657851718
278 352 821243687
307 353 846635862
290 354 771701059
340 355 467730719
341 356 926044802
325 357 604867810
340 358 846635862
355 359 478770345
340 360 416876687
349 361 657851718
346 362 76646122
330 363 657851718
354 364 995384230
360 365 882639021
281 366 274311102
276 367 843335951
327 368 907607094
323 369 882639021
326 370 365207668
333 371 985483500
335 372 799972869
359 373 369363174
327 374 913081258
369 375 604867810
338 376 987213207
327 377 139028046
375 378 76646122
356 379 985483500
328 380 253189598
373 381 274311102
334 382 369363174
367 383 846635862
381 384 478770345
339 385 985483500
357 386 604867810
331 387 212404294
229 388 32895453
268 389 976408577
325 390 995384230
374 391 138392837
303 392 369367851
373 393 995384230
369 394 858659665
356 395 76646122
381 396 799972869
368 397 987213207
348 398 987213207
388 399 799972869
389 400 883483728
370 401 913081258
379 402 986962794
366 403 37289954
331 404 478770345
366 405 987213207
359 406 771701059
395 407 771701059
335 408 858659665
403 409 858659665
318 410 467730719
319 411 799972869
399 412 503246735
373 413 253189598
397 414 882639021
403 415 37289954
411 416 139028046
416 417 76646122
340 418 926044802
289 419 37289954
394 420 987213207
355 421 37289954
414 422 369367851
416 423 907607094
253 424 253189598
421 425 503246735
379 426 32895453
373 427 467730719
246 428 253189598
396 429 882639021
381 430 604867810
394 431 274311102
421 432 995384230
431 433 846635862
411 434 858659665
408 435 631230437
419 436 843335951
433 437 516672140
399 438 907607094
386 439 882639021
428 440 821243687
370 441 882639021
400 442 631230437
277 443 857786412
435 444 577756262
332 445 253189598
387 446 821243687
431 447 139028046
389 448 139028046
408 449 821243687
394 450 907607094
447 451 858659665
400 452 843335951
409 453 516672140
435 454 253189598
405 455 926044802
440 456 821243687
389 457 139028046
268 458 883483728
395 459 138392837
400 460 274311102
424 461 799972869
445 462 138392837
448 463 467730719
432 464 976408577
426 465 37289954
301 466 882639021
431 467 846635862
447 468 857786412
466 469 253189598
436 470 516672140
457 471 858659665
457 472 883483728
459 473 416876687
468 474 821243687
393 475 369367851
470 476 771701059
460 477 986962794
366 478 37289954
459 479 478770345
473 480 76646122
470 481 987213207
471 482 913081258
443 483 467730719
464 484 754986210
466 485 478770345
475 486 604867810
385 487 987213207
482 488 253189598
359 489 882639021
393 490 986962794
444 491 987213207
450 492 883483728
457 493 323996672
488 494 32895453
446 495 467730719
429 496 799972869
435 497 754986210
453 498 139028046
498 499 32895453
489 500 323996672
470 501 987213207
447 502 754986210
484 503 882639021
227 504 577756262
494 505 369363174
500 506 253189598
380 507 604867810
393 508 858659665
459 509 138392837
402 510 76646122
504 511 754986210
498 512 846635862
371 513 858659665
479 514 323996672
495 515 274311102
506 516 907607094
502 517 274311102
433 518 139028046
424 519 478770345
519 520 986962794
395 521 365207668
515 522 32895453
508 523 604867810
503 524 799972869
353 525 228040232
436 526 907607094
449 527 416876687
509 528 843335951
455 529 883483728
452 530 604867810
518 531 907607094
477 532 212404294
526 533 913081258
443 534 843335951
436 535 771701059
517 536 883483728
536 537 771701059
535 538 846635862
507 539 228040232
468 540 883483728
490 541 754986210
505 542 754986210
518 543 657851718
536 544 138392837
534 545 323996672
400 546 857786412
527 547 883483728
501 548 857786412
440 549 882639021
522 550 253189598
489 551 37289954
502 552 883483728
526 553 416876687
343 554 604867810
547 555 858659665
477 556 799972869
438 557 821243687
509 558 995384230
437 559 228040232
502 560 657851718
452 561 883483728
524 562 478770345
543 563 754986210
471 564 369367851
528 565 631230437
523 566 516672140
539 567 985483500
558 568 76646122
463 569 604867810
564 570 913081258
560 571 516672140
565 572 37289954
532 573 846635862
553 574 139028046
497 575 323996672
545 576 212404294
530 577 987213207
561 578 882639021
541 579 883483728
541 580 857786412
564 581 882639021
484 582 32895453
546 583 907607094
458 584 32895453
580 585 369363174
551 586 913081258
433 587 577756262
562 588 926044802
557 589 799972869
434 590 503246735
487 591 882639021
591 592 631230437
581 593 846635862
574 594 138392837
588 595 503246735
531 596 365207668
562 597 76646122
574 598 995384230
526 599 771701059
513 600 987213207
503 601 976408577
479 602 212404294
501 603 907607094
547 604 274311102
601 605 369367851
594 606 657851718
563 607 657851718
536 608 882639021
496 609 821243687
550 610 76646122
544 611 604867810
596 612 858659665
592 613 369367851
600 614 843335951
481 615 323996672
582 616 631230437
567 617 995384230
399 618 32895453
536 619 985483500
605 620 821243687
566 621 212404294
575 622 253189598
608 623 771701059
615 624 976408577
569 625 754986210
349 626 858659665
473 627 32895453
514 628 985483500
606 629 516672140
622 630 323996672
557 631 987213207
578 632 32895453
531 633 139028046
560 634 604867810
622 635 754986210
497 636 987213207
628 637 771701059
508 638 771701059
339 639 858659665
513 640 76646122
535 641 987213207
627 642 754986210
641 643 799972869
497 644 369367851
585 645 986962794
561 646 821243687
467 647 995384230
523 648 37289954
430 649 882639021
632 650 577756262
648 651 503246735
621 652 976408577
420 653 858659665
558 654 821243687
475 655 478770345
621 656 274311102
384 657 416876687
597 658 771701059
606 659 604867810
489 660 139028046
581 661 369367851
606 662 846635862
545 663 857786412
583 664 857786412
612 665 821243687
643 666 253189598
653 667 516672140
585 668 913081258
565 669 754986210
666 670 882639021
670 671 467730719
667 672 139028046
455 673 799972869
666 674 857786412
558 675 76646122
675 676 631230437
666 677 604867810
666 678 323996672
661 679 754986210
673 680 913081258
676 681 138392837
666 682 631230437
659 683 76646122
601 684 631230437
573 685 657851718
521 686 323996672
564 687 843335951
569 688 858659665
504 689 369367851
664 690 228040232
599 691 212404294
439 692 32895453
506 693 478770345
573 694 503246735
652 695 882639021
664 696 986962794
687 697 253189598
627 698 139028046
668 699 369363174
670 700 604867810
694 701 478770345
575 702 631230437
665 703 138392837
645 704 516672140
613 705 857786412
639 706 323996672
640 707 212404294
608 708 37289954
617 709 139028046
577 710 503246735
691 711 604867810
700 712 37289954
701 713 976408577
708 714 577756262
660 715 858659665
573 716 228040232
693 717 799972869
693 718 846635862
650 719 843335951
619 720 771701059
607 721 228040232
677 722 771701059
700 723 365207668
594 724 369363174
538 725 882639021
665 726 857786412
694 727 987213207
716 728 37289954
689 729 365207668
655 730 907607094
719 731 323996672
555 732 843335951
719 733 369367851
726 734 503246735
689 735 503246735
706 736 212404294
727 737 416876687
599 738 516672140
690 739 857786412
566 740 771701059
628 741 76646122
693 742 995384230
695 743 913081258
722 744 139028046
691 745 37289954
697 746 907607094
669 747 467730719
688 748 882639021
693 749 821243687
618 750 985483500
628 751 212404294
734 752 821243687
653 753 883483728
654 754 857786412
512 755 858659665
720 756 821243687
585 757 416876687
686 758 138392837
705 759 926044802
427 760 516672140
631 761 657851718
698 762 657851718
677 763 478770345
743 764 323996672
759 765 604867810
720 766 604867810
706 767 821243687
724 768 138392837
575 769 503246735
718 770 503246735
643 771 985483500
617 772 76646122
626 773 976408577
751 774 857786412
707 775 631230437
672 776 253189598
774 777 577756262
518 778 76646122
728 779 843335951
532 780 516672140
724 781 228040232
595 782 883483728
691 783 882639021
699 784 32895453
780 785 631230437
657 786 843335951
698 787 604867810
689 788 883483728
750 789 503246735
716 790 926044802
741 791 987213207
753 792 139028046
743 793 631230437
524 794 37289954
780 795 274311102
777 796 369367851
669 797 882639021
783 798 976408577
724 799 369363174
668 800 799972869
692 801 274311102
748 802 365207668
743 803 821243687
646 804 228040232
733 805 37289954
638 806 365207668
771 807 503246735
717 808 754986210
793 809 913081258
770 810 857786412
753 811 843335951
790 812 577756262
806 813 37289954
807 814 821243687
589 815 516672140
568 816 503246735
759 817 323996672
754 818 858659665
789 819 503246735
712 820 478770345
783 821 604867810
802 822 212404294
684 823 985483500
746 824 631230437
755 825 139028046
747 826 754986210
465 827 516672140
650 828 32895453
812 829 369363174
797 830 369367851
822 831 37289954
734 832 253189598
766 833 76646122
777 834 976408577
713 835 771701059
766 836 907607094
731 837 76646122
751 838 228040232
716 839 76646122
795 840 631230437
724 841 604867810
687 842 926044802
743 843 986962794
790 844 657851718
807 845 32895453
829 846 858659665
629 847 604867810
635 848 369367851
648 849 913081258
632 850 32895453
824 851 32895453
718 852 995384230
750 853 76646122
706 854 478770345
775 855 365207668
436 856 416876687
725 857 516672140
689 858 913081258
545 859 467730719
844 860 478770345
756 861 212404294
855 862 907607094
857 863 478770345
850 864 228040232
855 865 323996672
861 866 995384230
830 867 843335951
818 868 604867810
762 869 799972869
720 870 369363174
795 871 416876687
788 872 754986210
832 873 369363174
855 874 253189598
572 875 416876687
775 876 987213207
863 877 987213207
664 878 274311102
756 879 253189598
799 880 913081258
801 881 799972869
564 882 913081258
580 883 882639021
849 884 365207668
792 885 516672140
827 886 631230437
865 887 138392837
766 888 858659665
856 889 228040232
829 890 754986210
874 891 846635862
866 892 995384230
797 893 907607094
758 894 987213207
884 895 365207668
713 896 467730719
682 897 843335951
767 898 365207668
468 899 212404294
842 900 365207668
852 901 323996672
887 902 212404294
833 903 212404294
877 904 799972869
842 905 754986210
869 906 913081258
852 907 32895453
802 908 37289954
771 909 253189598
825 910 212404294
786 911 516672140
595 912 976408577
867 913 631230437
861 914 846635862
909 915 253189598
666 916 369363174
888 917 857786412
887 918 913081258
672 919 985483500
912 920 987213207
903 921 503246735
760 922 821243687
795 923 369367851
810 924 604867810
856 925 883483728
857 926 771701059
560 927 212404294
720 928 228040232
817 929 913081258
778 930 771701059
879 931 986962794
857 932 846635862
736 933 503246735
805 934 821243687
892 935 995384230
897 936 212404294
866 937 995384230
785 938 926044802
808 939 907607094
938 940 604867810
858 941 754986210
800 942 907607094
866 943 754986210
658 944 858659665
926 945 882639021
837 946 516672140
926 947 883483728
802 948 323996672
735 949 771701059
649 950 323996672
881 951 995384230
875 952 857786412
761 953 76646122
771 954 228040232
883 955 369367851
953 956 253189598
940 957 799972869
908 958 913081258
927 959 369367851
907 960 799972869
869 961 323996672
910 962 985483500
956 963 467730719
796 964 577756262
737 965 274311102
720 966 577756262
955 967 228040232
908 968 843335951
890 969 976408577
952 970 799972869
842 971 913081258
681 972 467730719
806 973 821243687
950 974 754986210
897 975 274311102
964 976 985483500
795 977 212404294
976 978 37289954
948 979 577756262
950 980 986962794
637 981 883483728
980 982 32895453
980 983 76646122
885 984 139028046
955
2 1 459079104
3 2 996054805
4 2 55619945
5 1 928342765
6 4 555890303
7 2 213546536
8 4 116694822
9 7 791317244
10 7 4110083
11 7 958517575
12 8 844394634
13 8 55619945
14 9 343927003
15 10 887996566
16 12 160477377
17 12 885172303
18 13 928342765
19 17 141170441
20 15 791317244
21 17 409887051
22 18 996054805
23 18 899595250
24 20 213546536
25 23 95218715
26 23 95218715
27 25 116694822
28 23 89240035
29 28 850584696
30 25 89240035
31 27 572095137
32 29 39516868
33 32 622075282
34 32 899595250
35 31 771455252
36 33 958517575
37 36 714187684
38 37 850584696
39 37 55619945
40 39 958517575
41 39 935420357
42 38 855358572
43 41 279382973
44 43 55619945
45 42 529944394
46 43 141170441
47 46 885172303
48 43 4110083
49 47 865866972
50 46 89240035
51 46 160477377
52 51 343927003
53 49 555890303
54 51 555890303
55 51 887534659
56 51 279382973
57 55 409887051
58 57 633249741
59 56 478309435
60 58 4110083
61 59 160477377
62 59 714187684
63 61 39516868
64 63 850584696
65 62 850584696
66 63 555890303
67 63 899595250
68 67 400163306
69 68 850584696
70 67 343927003
71 70 39516868
72 67 355958647
73 70 958517575
74 70 865866972
75 74 459079104
76 72 279382973
77 76 792315459
78 77 622075282
79 77 996054805
80 75 665680653
81 80 116694822
82 77 116694822
83 80 89240035
84 81 988607718
85 81 665680653
86 85 714187684
87 82 899595250
88 84 478309435
89 84 4110083
90 89 433458353
91 90 771455252
92 88 899595250
93 92 95218715
94 89 771455252
95 93 585055114
96 94 996054805
97 95 850584696
98 96 116694822
99 96 609977741
100 99 633249741
101 96 790483609
102 101 633249741
103 98 433458353
104 102 39516868
105 101 887534659
106 101 433458353
107 104 622075282
108 103 223479259
109 106 141170441
110 105 850584696
111 110 958517575
112 107 885172303
113 110 108060393
114 111 355958647
115 114 39516868
116 114 855358572
117 112 887996566
118 115 771455252
119 114 555890303
120 118 791317244
121 120 279382973
122 120 529944394
123 119 529944394
124 121 709433673
125 124 409887051
126 121 39516868
127 125 887534659
128 125 355958647
129 126 665680653
130 127 459079104
131 128 709433673
132 131 792315459
133 128 213546536
134 133 865866972
135 133 4110083
136 132 709433673
137 132 791317244
138 137 55619945
139 136 958517575
140 139 55619945
141 140 400163306
142 139 55619945
143 142 343927003
144 140 887534659
145 144 609977741
146 143 433458353
147 144 39516868
148 144 771455252
149 146 865866972
150 148 865866972
151 150 935420357
152 148 958517575
153 152 996054805
154 151 478309435
155 152 585055114
156 152 459079104
157 154 116694822
158 153 223479259
159 155 409887051
160 156 529944394
161 159 433458353
162 157 160477377
163 158 108060393
164 160 409887051
165 164 116694822
166 164 555890303
167 164 108060393
168 167 935420357
169 166 555890303
170 169 622075282
171 169 555890303
172 168 529944394
173 171 279382973
174 171 899595250
175 170 887996566
176 175 792315459
177 176 433458353
178 173 478309435
179 174 928342765
180 179 714187684
181 176 887996566
182 180 851661259
183 181 160477377
184 182 988607718
185 181 988607718
186 182 355958647
187 184 855358572
188 183 223479259
189 185 39516868
190 187 771455252
191 190 409887051
192 188 865866972
193 192 865866972
194 193 633249741
195 191 844394634
196 193 885172303
197 194 409887051
198 194 709433673
199 198 899595250
200 198 885172303
201 200 851661259
202 197 141170441
203 201 633249741
204 201 213546536
205 201 478309435
206 205 141170441
207 206 790483609
208 206 844394634
209 205 935420357
210 209 39516868
211 206 996054805
212 210 996054805
213 209 996054805
214 212 885172303
215 214 844394634
216 214 609977741
217 216 108060393
218 215 116694822
219 218 792315459
220 216 709433673
221 218 529944394
222 217 665680653
223 221 958517575
224 223 585055114
225 222 39516868
226 224 409887051
227 224 844394634
228 224 585055114
229 225 791317244
230 228 609977741
231 226 529944394
232 231 851661259
233 231 865866972
234 230 851661259
235 234 223479259
236 234 4110083
237 235 790483609
238 233 95218715
239 237 279382973
240 235 865866972
241 236 935420357
242 238 213546536
243 241 958517575
244 243 39516868
245 240 935420357
246 242 988607718
247 246 433458353
248 245 665680653
249 248 89240035
250 248 355958647
251 247 89240035
252 249 213546536
253 248 141170441
254 251 935420357
255 251 899595250
256 251 665680653
257 253 39516868
258 254 887534659
259 258 355958647
260 256 585055114
261 260 555890303
262 260 529944394
263 260 899595250
264 261 899595250
265 260 459079104
266 263 213546536
267 265 95218715
268 264 529944394
269 267 108060393
270 265 400163306
271 270 714187684
272 267 790483609
273 271 279382973
274 269 529944394
275 274 572095137
276 273 887534659
277 276 400163306
278 276 665680653
279 278 116694822
280 277 433458353
281 278 529944394
282 280 988607718
283 279 791317244
284 282 572095137
285 283 223479259
286 282 213546536
287 284 988607718
288 284 996054805
289 284 141170441
290 288 400163306
291 288 958517575
292 288 996054805
293 292 343927003
294 293 279382973
295 293 529944394
296 294 633249741
297 296 996054805
298 294 928342765
299 296 790483609
300 296 555890303
301 298 555890303
302 301 116694822
303 301 791317244
304 302 223479259
305 300 771455252
306 301 279382973
307 304 790483609
308 304 609977741
309 306 865866972
310 309 899595250
311 308 792315459
312 311 928342765
313 308 865866972
314 313 89240035
315 310 585055114
316 313 935420357
317 316 116694822
318 313 851661259
319 317 459079104
320 319 400163306
321 316 478309435
322 320 223479259
323 321 116694822
324 320 343927003
325 323 865866972
326 321 89240035
327 322 887534659
328 323 887996566
329 324 855358572
330 326 771455252
331 328 792315459
332 331 935420357
333 331 935420357
334 331 791317244
335 333 958517575
336 335 865866972
337 334 887534659
338 337 223479259
339 334 160477377
340 335 887534659
341 340 885172303
342 340 160477377
343 340 400163306
344 341 108060393
345 341 633249741
346 345 355958647
347 342 714187684
348 347 988607718
349 345 633249741
350 346 459079104
351 347 899595250
352 348 791317244
353 348 899595250
354 351 223479259
355 351 771455252
356 355 622075282
357 353 790483609
358 353 709433673
359 357 988607718
360 358 665680653
361 356 55619945
362 357 771455252
363 360 709433673
364 361 935420357
365 360 790483609
366 364 935420357
367 366 223479259
368 364 844394634
369 365 89240035
370 367 400163306
371 367 771455252
372 369 141170441
373 372 928342765
374 369 478309435
375 372 213546536
376 373 609977741
377 374 665680653
378 374 459079104
379 376 885172303
380 376 223479259
381 376 529944394
382 378 609977741
383 381 108060393
384 383 609977741
385 382 4110083
386 383 855358572
387 384 555890303
388 384 95218715
389 387 572095137
390 386 887996566
391 387 555890303
392 387 622075282
393 390 355958647
394 389 409887051
395 393 885172303
396 394 714187684
397 393 529944394
398 395 855358572
399 397 95218715
400 397 400163306
401 397 996054805
402 399 529944394
403 401 89240035
404 400 555890303
405 401 633249741
406 401 887996566
407 404 4110083
408 405 844394634
409 407 355958647
410 409 141170441
411 406 792315459
412 407 792315459
413 411 160477377
414 412 865866972
415 413 409887051
416 415 844394634
417 413 555890303
418 414 478309435
419 415 709433673
420 417 714187684
421 420 4110083
422 421 709433673
423 422 928342765
424 420 108060393
425 423 988607718
426 421 459079104
427 426 478309435
428 425 885172303
429 427 865866972
430 428 935420357
431 426 928342765
432 431 585055114
433 431 928342765
434 432 844394634
435 431 709433673
436 434 89240035
437 435 885172303
438 435 844394634
439 437 95218715
440 436 958517575
441 439 709433673
442 438 850584696
443 442 585055114
444 441 850584696
445 444 89240035
446 441 665680653
447 445 160477377
448 445 887534659
449 445 844394634
450 446 790483609
451 448 116694822
452 449 355958647
453 452 988607718
454 453 865866972
455 453 935420357
456 451 844394634
457 454 850584696
458 457 633249741
459 458 790483609
460 457 665680653
461 460 851661259
462 457 709433673
463 458 771455252
464 461 633249741
465 461 865866972
466 461 665680653
467 463 529944394
468 464 279382973
469 465 108060393
470 467 213546536
471 467 865866972
472 467 887996566
473 470 791317244
474 473 887534659
475 470 572095137
476 472 572095137
477 472 116694822
478 475 585055114
479 478 996054805
480 476 865866972
481 479 935420357
482 480 622075282
483 478 609977741
484 480 928342765
485 482 609977741
486 483 213546536
487 482 709433673
488 483 850584696
489 486 850584696
490 485 855358572
491 487 792315459
492 491 95218715
493 492 709433673
494 491 433458353
495 490 899595250
496 491 665680653
497 492 433458353
498 496 928342765
499 494 89240035
500 496 529944394
501 499 108060393
502 497 116694822
503 502 459079104
504 502 887534659
505 504 116694822
506 501 160477377
507 506 899595250
508 506 89240035
509 504 160477377
510 508 355958647
511 507 355958647
512 509 665680653
513 508 665680653
514 513 851661259
515 511 844394634
516 515 478309435
517 512 141170441
518 514 4110083
519 514 771455252
520 515 355958647
521 519 887534659
522 519 791317244
523 520 116694822
524 519 343927003
525 524 355958647
526 524 855358572
527 522 555890303
528 523 844394634
529 525 141170441
530 526 555890303
531 528 478309435
532 531 958517575
533 531 885172303
534 529 223479259
535 532 433458353
536 535 609977741
537 534 633249741
538 537 714187684
539 538 633249741
540 535 633249741
541 536 585055114
542 541 459079104
543 541 160477377
544 542 89240035
545 542 958517575
546 544 622075282
547 545 529944394
548 546 160477377
549 548 851661259
550 545 790483609
551 546 865866972
552 549 714187684
553 552 609977741
554 551 55619945
555 552 459079104
556 553 771455252
557 555 39516868
558 555 665680653
559 557 279382973
560 557 622075282
561 556 141170441
562 558 478309435
563 561 771455252
564 560 771455252
565 560 958517575
566 565 850584696
567 562 851661259
568 567 928342765
569 568 108060393
570 569 116694822
571 566 885172303
572 569 887996566
573 569 478309435
574 569 844394634
575 572 108060393
576 574 665680653
577 575 572095137
578 573 116694822
579 577 279382973
580 578 792315459
581 578 771455252
582 577 665680653
583 581 622075282
584 579 279382973
585 584 996054805
586 581 572095137
587 585 409887051
588 587 851661259
589 584 141170441
590 586 585055114
591 589 585055114
592 588 850584696
593 588 279382973
594 593 141170441
595 591 459079104
596 595 771455252
597 593 988607718
598 597 865866972
599 595 95218715
600 597 141170441
601 599 223479259
602 599 585055114
603 602 223479259
604 599 988607718
605 600 409887051
606 604 55619945
607 606 609977741
608 606 433458353
609 608 709433673
610 605 633249741
611 608 343927003
612 610 609977741
613 608 899595250
614 613 555890303
615 610 478309435
616 615 791317244
617 616 622075282
618 617 714187684
619 618 4110083
620 618 108060393
621 617 988607718
622 618 855358572
623 622 622075282
624 622 95218715
625 620 108060393
626 624 555890303
627 626 771455252
628 625 355958647
629 624 141170441
630 629 400163306
631 628 633249741
632 629 355958647
633 628 771455252
634 632 116694822
635 631 633249741
636 634 355958647
637 632 116694822
638 635 433458353
639 636 771455252
640 635 887996566
641 640 988607718
642 637 996054805
643 639 928342765
644 641 555890303
645 642 709433673
646 641 622075282
647 644 865866972
648 645 478309435
649 645 709433673
650 647 585055114
651 646 89240035
652 651 887534659
653 651 279382973
654 650 633249741
655 652 865866972
656 654 141170441
657 654 633249741
658 656 4110083
659 655 791317244
660 657 108060393
661 660 55619945
662 658 851661259
663 659 95218715
664 659 409887051
665 660 529944394
666 665 343927003
667 666 116694822
668 667 108060393
669 664 850584696
670 665 665680653
671 668 89240035
672 669 478309435
673 670 855358572
674 669 887996566
675 670 850584696
676 675 887534659
677 673 771455252
678 675 850584696
679 674 885172303
680 678 4110083
681 676 279382973
682 677 850584696
683 680 714187684
684 683 223479259
685 680 665680653
686 685 95218715
687 682 609977741
688 685 790483609
689 684 89240035
690 689 585055114
691 688 899595250
692 687 885172303
693 692 478309435
694 693 89240035
695 691 850584696
696 693 555890303
697 692 355958647
698 697 400163306
699 696 850584696
700 696 4110083
701 698 400163306
702 697 709433673
703 699 790483609
704 699 89240035
705 703 928342765
706 703 850584696
707 706 4110083
708 704 988607718
709 705 790483609
710 705 887534659
711 710 899595250
712 707 885172303
713 708 39516868
714 709 343927003
715 711 160477377
716 711 609977741
717 716 988607718
718 713 899595250
719 716 665680653
720 718 855358572
721 716 958517575
722 717 160477377
723 719 855358572
724 720 529944394
725 721 572095137
726 721 55619945
727 723 622075282
728 727 844394634
729 727 39516868
730 728 844394634
731 730 39516868
732 727 865866972
733 731 160477377
734 729 609977741
735 730 529944394
736 731 160477377
737 732 714187684
738 736 887996566
739 734 555890303
740 738 622075282
741 736 935420357
742 737 355958647
743 741 459079104
744 741 665680653
745 741 665680653
746 741 555890303
747 745 855358572
748 747 792315459
749 744 928342765
750 749 529944394
751 748 213546536
752 750 279382973
753 748 855358572
754 750 141170441
755 751 851661259
756 755 622075282
757 752 996054805
758 754 478309435
759 756 213546536
760 756 958517575
761 759 885172303
762 760 343927003
763 762 343927003
764 760 572095137
765 763 792315459
766 764 160477377
767 766 400163306
768 766 160477377
769 766 116694822
770 767 844394634
771 766 585055114
772 771 714187684
773 771 665680653
774 769 844394634
775 770 887534659
776 774 622075282
777 772 887534659
778 777 790483609
779 774 709433673
780 776 958517575
781 777 771455252
782 780 958517575
783 782 988607718
784 780 160477377
785 780 855358572
786 785 622075282
787 783 887996566
788 783 108060393
789 788 633249741
790 786 958517575
791 788 958517575
792 789 791317244
793 790 633249741
794 789 622075282
795 791 709433673
796 795 478309435
797 795 400163306
798 793 844394634
799 797 850584696
800 798 988607718
801 798 988607718
802 799 709433673
803 800 39516868
804 800 108060393
805 800 223479259
806 803 771455252
807 803 622075282
808 803 55619945
809 805 223479259
810 808 400163306
811 806 343927003
812 811 459079104
813 811 355958647
814 811 400163306
815 814 633249741
816 814 771455252
817 815 529944394
818 817 709433673
819 817 709433673
820 815 885172303
821 817 709433673
822 817 885172303
823 818 928342765
824 820 887534659
825 822 555890303
826 825 572095137
827 823 585055114
828 823 792315459
829 827 609977741
830 825 899595250
831 826 478309435
832 828 714187684
833 830 108060393
834 833 141170441
835 831 355958647
836 831 850584696
837 836 790483609
838 837 633249741
839 834 116694822
840 836 55619945
841 839 665680653
842 838 996054805
843 839 4110083
844 843 116694822
845 844 855358572
846 841 459079104
847 846 714187684
848 845 409887051
849 848 343927003
850 846 160477377
851 847 665680653
852 851 279382973
853 848 343927003
854 849 459079104
855 852 279382973
856 851 223479259
857 854 160477377
858 857 572095137
859 858 928342765
860 856 899595250
861 857 160477377
862 858 433458353
863 860 409887051
864 860 633249741
865 861 958517575
866 863 572095137
867 863 400163306
868 866 141170441
869 865 572095137
870 866 771455252
871 867 279382973
872 868 996054805
873 871 585055114
874 869 213546536
875 870 887996566
876 874 851661259
877 876 996054805
878 877 791317244
879 875 141170441
880 875 714187684
881 876 95218715
882 878 851661259
883 880 116694822
884 879 141170441
885 884 665680653
886 881 792315459
887 886 433458353
888 886 844394634
889 888 771455252
890 885 141170441
891 889 792315459
892 888 39516868
893 889 958517575
894 891 855358572
895 894 771455252
896 891 223479259
897 895 899595250
898 897 714187684
899 896 665680653
900 899 400163306
901 897 343927003
902 897 141170441
903 900 279382973
904 899 39516868
905 904 409887051
906 904 585055114
907 906 108060393
908 904 279382973
909 908 400163306
910 909 850584696
911 906 400163306
912 910 851661259
913 910 791317244
914 912 108060393
915 914 928342765
916 913 213546536
917 916 665680653
918 916 355958647
919 916 478309435
920 916 885172303
921 920 141170441
922 921 855358572
923 922 529944394
924 920 160477377
925 924 771455252
926 922 433458353
927 923 899595250
928 925 279382973
929 928 855358572
930 928 279382973
931 927 988607718
932 930 714187684
933 928 714187684
934 933 433458353
935 932 633249741
936 933 433458353
937 934 160477377
938 935 529944394
939 938 108060393
940 938 478309435
941 940 89240035
942 941 279382973
943 941 771455252
944 941 996054805
945 941 585055114
946 943 478309435
947 946 4110083
948 947 851661259
949 944 223479259
950 948 935420357
951 948 865866972
952 951 409887051
953 949 887996566
954 950 855358572
955 951 409887051
975
1 2 233498233
1 3 408660592
3 4 882331125
4 5 831230145
5 6 704225748
2 7 203870064
1 8 831230145
6 9 301795906
1 10 477099358
4 11 1611562
2 12 392221038
3 13 488963209
10 14 371010142
14 15 1611562
11 16 371010142
6 17 203870064
14 18 831230145
16 19 566399358
15 20 704225748
4 21 1611562
8 22 233498233
16 23 1611562
14 24 203870064
3 25 371010142
17 26 233498233
13 27 471552280
24 28 435443165
16 29 471552280
25 30 392221038
10 31 22948665
17 32 408660592
25 33 22948665
3 34 233498233
4 35 1611562
5 36 488963209
9 37 477099358
33 38 435443165
2 39 301795906
12 40 22948665
39 41 1611562
28 42 1611562
21 43 301795906
31 44 435443165
31 45 435443165
26 46 392221038
10 47 1611562
37 48 392221038
31 49 566399358
7 50 203870064
24 51 435443165
49 52 477099358
20 53 22948665
49 54 203870064
30 55 371010142
55 56 831230145
10 57 371010142
33 58 435443165
6 59 371010142
54 60 831230145
2 61 831230145
46 62 488963209
22 63 371010142
11 64 1611562
36 65 882331125
12 66 408660592
60 67 566399358
39 68 392221038
16 69 392221038
2 70 882331125
30 71 371010142
37 72 488963209
65 73 566399358
29 74 831230145
9 75 392221038
63 76 882331125
8 77 477099358
58 78 471552280
8 79 882331125
65 80 149053142
71 81 371010142
39 82 831230145
61 83 471552280
70 84 831230145
10 85 301795906
53 86 471552280
43 87 477099358
79 88 408660592
16 89 488963209
61 90 408660592
9 91 22948665
4 92 233498233
30 93 831230145
48 94 704225748
26 95 831230145
14 96 471552280
5 97 704225748
97 98 435443165
21 99 1611562
16 100 831230145
66 101 1611562
97 102 301795906
75 103 233498233
67 104 392221038
59 105 233498233
46 106 477099358
13 107 149053142
35 108 392221038
102 109 203870064
30 110 477099358
69 111 371010142
79 112 371010142
57 113 233498233
46 114 477099358
97 115 371010142
11 116 1611562
53 117 22948665
106 118 488963209
40 119 301795906
101 120 488963209
80 121 149053142
83 122 301795906
7 123 435443165
97 124 471552280
110 125 704225748
102 126 704225748
96 127 22948665
17 128 408660592
52 129 477099358
56 130 371010142
84 131 882331125
95 132 301795906
72 133 203870064
61 134 566399358
118 135 149053142
47 136 704225748
26 137 408660592
106 138 203870064
136 139 301795906
130 140 392221038
89 141 149053142
111 142 704225748
134 143 392221038
90 144 704225748
73 145 471552280
40 146 882331125
53 147 233498233
5 148 371010142
91 149 371010142
29 150 392221038
119 151 149053142
1 152 233498233
6 153 408660592
101 154 392221038
69 155 477099358
70 156 488963209
85 157 392221038
94 158 435443165
97 159 435443165
111 160 233498233
157 161 477099358
79 162 831230145
120 163 704225748
29 164 392221038
146 165 831230145
77 166 392221038
136 167 1611562
105 168 435443165
25 169 392221038
121 170 371010142
121 171 704225748
96 172 203870064
136 173 435443165
39 174 882331125
131 175 882331125
126 176 435443165
26 177 392221038
48 178 392221038
122 179 477099358
38 180 233498233
27 181 233498233
43 182 477099358
4 183 371010142
47 184 371010142
24 185 392221038
179 186 233498233
177 187 477099358
148 188 149053142
183 189 831230145
17 190 233498233
47 191 22948665
38 192 435443165
108 193 488963209
41 194 203870064
69 195 488963209
83 196 301795906
101 197 371010142
30 198 1611562
115 199 392221038
91 200 566399358
77 201 477099358
4 202 704225748
35 203 203870064
65 204 408660592
161 205 371010142
117 206 371010142
172 207 471552280
3 208 435443165
49 209 408660592
154 210 435443165
10 211 882331125
57 212 471552280
141 213 22948665
87 214 882331125
176 215 477099358
34 216 435443165
143 217 488963209
18 218 471552280
159 219 203870064
107 220 149053142
164 221 301795906
197 222 831230145
205 223 392221038
126 224 301795906
99 225 233498233
110 226 488963209
97 227 371010142
175 228 408660592
171 229 471552280
165 230 1611562
65 231 882331125
222 232 371010142
2 233 203870064
141 234 471552280
69 235 371010142
112 236 566399358
123 237 471552280
104 238 1611562
186 239 882331125
23 240 704225748
177 241 831230145
190 242 488963209
226 243 371010142
173 244 1611562
157 245 371010142
137 246 22948665
174 247 233498233
120 248 371010142
217 249 301795906
138 250 488963209
16 251 704225748
5 252 371010142
84 253 882331125
93 254 488963209
26 255 22948665
144 256 22948665
85 257 371010142
26 258 831230145
165 259 371010142
230 260 392221038
149 261 203870064
231 262 203870064
247 263 831230145
212 264 203870064
251 265 882331125
26 266 488963209
87 267 488963209
104 268 488963209
194 269 392221038
79 270 22948665
126 271 566399358
205 272 435443165
255 273 1611562
2 274 1611562
216 275 471552280
240 276 1611562
150 277 488963209
105 278 22948665
111 279 471552280
3 280 882331125
58 281 477099358
27 282 408660592
195 283 488963209
191 284 566399358
251 285 488963209
245 286 882331125
28 287 488963209
80 288 371010142
216 289 22948665
52 290 477099358
137 291 488963209
99 292 435443165
260 293 22948665
12 294 471552280
140 295 1611562
75 296 203870064
116 297 149053142
118 298 488963209
284 299 392221038
90 300 704225748
262 301 203870064
91 302 435443165
207 303 471552280
156 304 477099358
110 305 392221038
269 306 882331125
136 307 882331125
116 308 371010142
286 309 392221038
172 310 149053142
297 311 203870064
306 312 233498233
29 313 22948665
225 314 392221038
116 315 566399358
158 316 704225748
45 317 435443165
124 318 471552280
158 319 149053142
299 320 471552280
157 321 704225748
86 322 1611562
247 323 471552280
122 324 149053142
22 325 435443165
248 326 566399358
194 327 392221038
191 328 149053142
2 329 488963209
15 330 408660592
308 331 1611562
262 332 488963209
108 333 233498233
34 334 882331125
207 335 704225748
292 336 392221038
210 337 301795906
150 338 882331125
95 339 831230145
335 340 477099358
180 341 233498233
83 342 488963209
290 343 1611562
188 344 22948665
303 345 471552280
237 346 566399358
115 347 301795906
256 348 371010142
330 349 471552280
283 350 831230145
64 351 22948665
4 352 203870064
154 353 22948665
318 354 149053142
239 355 831230145
142 356 471552280
81 357 704225748
301 358 22948665
179 359 233498233
38 360 22948665
289 361 203870064
3 362 566399358
303 363 371010142
288 364 301795906
202 365 22948665
11 366 704225748
130 367 471552280
75 368 301795906
161 369 301795906
214 370 371010142
309 371 233498233
187 372 882331125
12 373 488963209
101 374 1611562
31 375 371010142
188 376 22948665
371 377 371010142
57 378 488963209
242 379 301795906
347 380 233498233
70 381 471552280
251 382 371010142
103 383 882331125
380 384 471552280
307 385 1611562
166 386 149053142
225 387 22948665
10 388 566399358
231 389 471552280
254 390 566399358
166 391 882331125
279 392 477099358
180 393 149053142
239 394 1611562
58 395 704225748
31 396 1611562
265 397 371010142
168 398 203870064
82 399 831230145
386 400 408660592
237 401 392221038
398 402 203870064
67 403 831230145
292 404 149053142
178 405 704225748
193 406 566399358
245 407 233498233
126 408 488963209
350 409 203870064
9 410 566399358
108 411 882331125
387 412 22948665
218 413 408660592
4 414 392221038
51 415 566399358
24 416 408660592
139 417 408660592
310 418 203870064
196 419 371010142
232 420 831230145
362 421 233498233
257 422 408660592
404 423 149053142
210 424 435443165
407 425 435443165
330 426 831230145
81 427 471552280
54 428 1611562
341 429 22948665
310 430 301795906
57 431 22948665
163 432 22948665
314 433 149053142
268 434 22948665
75 435 392221038
243 436 435443165
142 437 392221038
148 438 1611562
308 439 471552280
270 440 408660592
379 441 203870064
419 442 435443165
394 443 1611562
237 444 704225748
268 445 1611562
170 446 408660592
161 447 566399358
182 448 301795906
134 449 408660592
310 450 301795906
123 451 149053142
220 452 408660592
376 453 392221038
337 454 471552280
134 455 435443165
105 456 233498233
415 457 882331125
40 458 149053142
205 459 203870064
445 460 471552280
298 461 408660592
369 462 831230145
415 463 831230145
402 464 371010142
189 465 704225748
331 466 408660592
321 467 149053142
261 468 704225748
328 469 233498233
236 470 392221038
336 471 435443165
320 472 1611562
31 473 149053142
80 474 392221038
402 475 471552280
29 476 471552280
21 477 301795906
241 478 392221038
468 479 488963209
336 480 408660592
233 481 203870064
81 482 704225748
85 483 301795906
305 484 1611562
35 485 704225748
428 486 233498233
148 487 704225748
78 488 831230145
344 489 371010142
259 490 566399358
145 491 488963209
194 492 301795906
172 493 301795906
7 494 882331125
293 495 488963209
130 496 471552280
409 497 435443165
62 498 566399358
28 499 566399358
80 500 301795906
481 501 233498233
353 502 22948665
32 503 301795906
20 504 704225748
86 505 301795906
304 506 704225748
136 507 831230145
426 508 392221038
29 509 301795906
291 510 149053142
218 511 882331125
437 512 831230145
105 513 435443165
80 514 488963209
115 515 1611562
316 516 882331125
258 517 704225748
137 518 566399358
460 519 477099358
416 520 471552280
117 521 149053142
223 522 408660592
336 523 392221038
104 524 566399358
92 525 392221038
359 526 392221038
171 527 488963209
316 528 233498233
3 529 149053142
204 530 831230145
447 531 149053142
447 532 301795906
303 533 1611562
126 534 149053142
513 535 408660592
224 536 488963209
267 537 203870064
247 538 831230145
115 539 233498233
256 540 831230145
288 541 831230145
72 542 301795906
6 543 488963209
133 544 371010142
278 545 371010142
274 546 435443165
523 547 392221038
506 548 488963209
156 549 233498233
328 550 22948665
259 551 301795906
307 552 471552280
123 553 408660592
75 554 566399358
481 555 301795906
314 556 435443165
72 557 1611562
538 558 392221038
72 559 831230145
546 560 477099358
14 561 477099358
190 562 566399358
152 563 392221038
7 564 392221038
103 565 233498233
68 566 203870064
333 567 301795906
338 568 435443165
314 569 233498233
37 570 488963209
259 571 477099358
400 572 301795906
139 573 435443165
297 574 471552280
120 575 301795906
137 576 233498233
232 577 477099358
73 578 882331125
375 579 233498233
88 580 566399358
479 581 1611562
12 582 371010142
56 583 149053142
560 584 831230145
533 585 704225748
182 586 22948665
317 587 233498233
381 588 477099358
29 589 477099358
145 590 301795906
393 591 408660592
277 592 831230145
239 593 233498233
190 594 233498233
69 595 566399358
153 596 22948665
521 597 435443165
490 598 704225748
597 599 22948665
267 600 882331125
384 601 477099358
172 602 203870064
370 603 566399358
515 604 408660592
128 605 203870064
384 606 566399358
96 607 203870064
464 608 477099358
177 609 22948665
501 610 435443165
508 611 301795906
56 612 488963209
386 613 233498233
355 614 149053142
153 615 477099358
502 616 471552280
600 617 488963209
431 618 471552280
607 619 392221038
126 620 203870064
272 621 301795906
140 622 477099358
322 623 22948665
227 624 203870064
90 625 233498233
53 626 392221038
471 627 22948665
516 628 392221038
389 629 435443165
534 630 704225748
550 631 471552280
547 632 371010142
89 633 704225748
299 634 488963209
68 635 371010142
356 636 371010142
228 637 203870064
58 638 435443165
423 639 149053142
250 640 203870064
54 641 1611562
551 642 203870064
616 643 233498233
123 644 233498233
584 645 831230145
96 646 149053142
604 647 149053142
330 648 1611562
407 649 882331125
504 650 371010142
132 651 408660592
375 652 371010142
555 653 408660592
232 654 371010142
15 655 488963209
530 656 435443165
98 657 435443165
343 658 233498233
542 659 203870064
589 660 477099358
208 661 882331125
157 662 203870064
138 663 435443165
570 664 301795906
128 665 477099358
273 666 566399358
257 667 831230145
461 668 831230145
228 669 831230145
170 670 882331125
430 671 392221038
215 672 435443165
122 673 831230145
222 674 1611562
381 675 831230145
146 676 488963209
455 677 392221038
436 678 301795906
653 679 704225748
64 680 882331125
239 681 392221038
53 682 392221038
173 683 408660592
146 684 149053142
639 685 408660592
180 686 831230145
647 687 882331125
611 688 704225748
476 689 882331125
659 690 22948665
565 691 704225748
268 692 566399358
64 693 1611562
541 694 392221038
233 695 149053142
673 696 488963209
169 697 488963209
217 698 882331125
223 699 233498233
653 700 408660592
246 701 22948665
254 702 1611562
558 703 392221038
371 704 882331125
386 705 477099358
191 706 233498233
142 707 831230145
659 708 233498233
54 709 435443165
211 710 371010142
432 711 408660592
317 712 149053142
515 713 408660592
109 714 371010142
325 715 477099358
479 716 408660592
453 717 408660592
574 718 882331125
145 719 566399358
511 720 882331125
27 721 392221038
402 722 1611562
261 723 704225748
175 724 882331125
354 725 488963209
397 726 301795906
366 727 233498233
642 728 301795906
505 729 704225748
500 730 831230145
112 731 831230145
553 732 477099358
36 733 371010142
647 734 392221038
511 735 831230145
131 736 203870064
146 737 203870064
735 738 392221038
707 739 392221038
153 740 1611562
485 741 831230145
266 742 203870064
697 743 566399358
422 744 22948665
48 745 1611562
396 746 1611562
374 747 435443165
275 748 831230145
139 749 435443165
412 750 566399358
213 751 392221038
426 752 233498233
499 753 566399358
678 754 392221038
505 755 22948665
458 756 882331125
7 757 477099358
95 758 301795906
644 759 566399358
68 760 371010142
588 761 203870064
256 762 1611562
145 763 22948665
707 764 435443165
296 765 149053142
629 766 566399358
675 767 488963209
653 768 233498233
621 769 882331125
337 770 301795906
470 771 301795906
529 772 149053142
624 773 831230145
449 774 392221038
453 775 203870064
139 776 22948665
602 777 831230145
392 778 301795906
484 779 301795906
247 780 203870064
487 781 488963209
340 782 301795906
584 783 149053142
574 784 149053142
394 785 1611562
148 786 488963209
77 787 408660592
328 788 435443165
633 789 233498233
387 790 435443165
717 791 149053142
687 792 203870064
205 793 301795906
702 794 477099358
263 795 301795906
10 796 203870064
624 797 566399358
50 798 149053142
638 799 488963209
215 800 233498233
87 801 371010142
797 802 882331125
143 803 392221038
778 804 488963209
171 805 301795906
373 806 477099358
679 807 488963209
668 808 392221038
675 809 203870064
165 810 831230145
362 811 831230145
384 812 435443165
443 813 408660592
441 814 882331125
603 815 488963209
620 816 882331125
769 817 408660592
286 818 371010142
233 819 704225748
643 820 149053142
385 821 488963209
187 822 435443165
192 823 477099358
587 824 371010142
57 825 435443165
490 826 203870064
823 827 149053142
697 828 471552280
22 829 435443165
247 830 435443165
790 831 371010142
101 832 233498233
405 833 233498233
173 834 392221038
214 835 371010142
46 836 371010142
290 837 566399358
186 838 566399358
521 839 477099358
515 840 1611562
258 841 392221038
689 842 477099358
606 843 882331125
662 844 22948665
65 845 149053142
623 846 831230145
776 847 471552280
477 848 704225748
430 849 1611562
391 850 1611562
335 851 1611562
708 852 435443165
712 853 22948665
269 854 704225748
522 855 301795906
338 856 1611562
115 857 301795906
801 858 882331125
316 859 149053142
236 860 704225748
284 861 22948665
515 862 477099358
199 863 435443165
577 864 471552280
554 865 22948665
694 866 477099358
131 867 831230145
618 868 149053142
509 869 149053142
665 870 566399358
211 871 22948665
730 872 477099358
41 873 392221038
859 874 704225748
46 875 392221038
280 876 149053142
652 877 566399358
339 878 435443165
525 879 1611562
719 880 371010142
341 881 704225748
507 882 477099358
659 883 488963209
816 884 471552280
476 885 1611562
382 886 471552280
303 887 1611562
751 888 1611562
64 889 392221038
437 890 22948665
161 891 392221038
622 892 392221038
873 893 392221038
363 894 203870064
694 895 392221038
166 896 371010142
283 897 22948665
646 898 435443165
188 899 149053142
442 900 301795906
160 901 435443165
18 902 408660592
645 903 22948665
632 904 371010142
836 905 371010142
31 906 471552280
813 907 392221038
888 908 149053142
311 909 1611562
337 910 22948665
291 911 371010142
745 912 477099358
234 913 704225748
285 914 566399358
626 915 1611562
161 916 477099358
847 917 831230145
95 918 704225748
417 919 471552280
145 920 371010142
299 921 488963209
230 922 22948665
552 923 477099358
334 924 704225748
588 925 22948665
9 926 233498233
909 927 435443165
414 928 831230145
140 929 149053142
550 930 301795906
386 931 203870064
207 932 203870064
779 933 371010142
192 934 435443165
41 935 471552280
312 936 301795906
385 937 392221038
51 938 477099358
415 939 435443165
228 940 371010142
468 941 233498233
658 942 203870064
251 943 408660592
747 944 233498233
607 945 233498233
659 946 477099358
676 947 392221038
872 948 435443165
147 949 22948665
148 950 1611562
645 951 1611562
459 952 488963209
97 953 233498233
292 954 203870064
659 955 488963209
121 956 233498233
459 957 392221038
173 958 408660592
673 959 301795906
192 960 488963209
96 961 477099358
818 962 301795906
454 963 392221038
547 964 477099358
618 965 471552280
783 966 477099358
961 967 408660592
343 968 704225748
241 969 435443165
166 970 203870064
530 971 371010142
370 972 149053142
362 973 704225748
574 974 831230145
441 975 1611562
955
2 1 796172311
3 2 374507102
4 1 27333984
5 1 631531416
6 2 27333984
7 2 323418839
8 3 374507102
9 7 488345312
10 1 513500003
11 5 550225472
12 1 408203888
13 8 408203888
14 3 703654162
15 12 538851419
16 3 684143426
17 10 468619346
18 14 323418839
19 2 736227617
20 13 740944148
21 14 374507102
22 9 305206619
23 17 322615638
24 19 475073033
25 2 538851419
26 21 999078790
27 4 604741648
28 16 604741648
29 28 796172311
30 21 459302980
31 16 865246878
32 21 513500003
33 18 604741648
34 19 73776323
35 15 58168681
36 31 736227617
37 26 374507102
38 4 459302980
39 21 23264031
40 8 459302980
41 12 305206619
42 40 459302980
43 18 469283278
44 32 538851419
45 23 322615638
46 42 468619346
47 38 23264031
48 10 413466620
49 28 550225472
50 24 413466620
51 31 489374129
52 47 513500003
53 38 58168681
54 20 257117841
55 44 152567372
56 22 469283278
57 49 459302980
58 19 374507102
59 54 408203888
60 7 408203888
61 6 488345312
62 16 309131704
63 60 468619346
64 44 538851419
65 26 684143426
66 5 428852222
67 50 488345312
68 35 475073033
69 54 554199330
70 60 756054457
71 52 796172311
72 3 488345312
73 1 434912140
74 48 152567372
75 30 434912140
76 9 257117841
77 29 408203888
78 66 322615638
79 36 27333984
80 35 250883073
81 37 341401461
82 34 257117841
83 34 865246878
84 19 999078790
85 27 59383283
86 66 111069281
87 31 796172311
88 10 305206619
89 49 631531416
90 63 881712302
91 53 469283278
92 62 73776323
93 11 250883073
94 53 257117841
95 16 434912140
96 36 111069281
97 27 341401461
98 14 881712302
99 25 825812711
100 16 999078790
101 11 305206619
102 60 408203888
103 87 152567372
104 7 152567372
105 1 413466620
106 67 408203888
107 6 374507102
108 9 999078790
109 60 73776323
110 54 323418839
111 44 23264031
112 13 13514204
113 31 73776323
114 17 250883073
115 108 257117841
116 4 428852222
117 8 554199330
118 24 703654162
119 70 865246878
120 22 538851419
121 103 257117841
122 3 865246878
123 59 374507102
124 103 152567372
125 17 538851419
126 58 434912140
127 91 488345312
128 67 678845498
129 50 341401461
130 15 488345312
131 106 323418839
132 31 740944148
133 128 825812711
134 57 428852222
135 131 825812711
136 96 865246878
137 17 111069281
138 113 322615638
139 73 413466620
140 134 305206619
141 120 428852222
142 93 736227617
143 61 999078790
144 53 250883073
145 76 796172311
146 68 796172311
147 52 413466620
148 79 59383283
149 139 604741648
150 90 488345312
151 50 322615638
152 56 250883073
153 78 865246878
154 94 881712302
155 49 999078790
156 95 999078790
157 109 59383283
158 13 413466620
159 135 999078790
160 84 23264031
161 35 59383283
162 89 23264031
163 74 999078790
164 158 374507102
165 46 756054457
166 19 796172311
167 115 489374129
168 63 257117841
169 156 489374129
170 16 341401461
171 114 413466620
172 154 604741648
173 35 27333984
174 60 678845498
175 165 469283278
176 144 13514204
177 18 459302980
178 118 434912140
179 3 413466620
180 34 825812711
181 113 408203888
182 171 413466620
183 123 459302980
184 15 756054457
185 153 506324486
186 4 489374129
187 101 469283278
188 76 13514204
189 170 825812711
190 136 513500003
191 13 250883073
192 25 305206619
193 16 408203888
194 185 27333984
195 153 825812711
196 181 469283278
197 113 538851419
198 36 111069281
199 159 413466620
200 121 434912140
201 165 506324486
202 142 678845498
203 34 152567372
204 165 152567372
205 18 408203888
206 1 554199330
207 56 999078790
208 104 475073033
209 148 756054457
210 114 152567372
211 122 865246878
212 134 736227617
213 141 59383283
214 18 756054457
215 153 489374129
216 157 13514204
217 174 740944148
218 206 305206619
219 82 489374129
220 203 341401461
221 166 703654162
222 34 305206619
223 221 825812711
224 33 825812711
225 179 59383283
226 174 58168681
227 47 881712302
228 101 23264031
229 208 736227617
230 101 102736640
231 92 488345312
232 35 684143426
233 130 703654162
234 101 102736640
235 104 111069281
236 63 684143426
237 112 703654162
238 56 428852222
239 2 413466620
240 188 323418839
241 166 538851419
242 130 538851419
243 157 489374129
244 30 506324486
245 88 111069281
246 180 538851419
247 240 513500003
248 202 323418839
249 184 489374129
250 25 881712302
251 155 796172311
252 132 257117841
253 18 469283278
254 110 23264031
255 144 538851419
256 217 73776323
257 136 825812711
258 158 13514204
259 1 413466620
260 72 489374129
261 28 631531416
262 137 756054457
263 199 538851419
264 116 59383283
265 263 13514204
266 33 434912140
267 129 58168681
268 171 475073033
269 79 678845498
270 5 703654162
271 269 999078790
272 194 27333984
273 236 459302980
274 160 305206619
275 69 413466620
276 50 250883073
277 22 58168681
278 59 554199330
279 186 59383283
280 127 513500003
281 68 152567372
282 155 23264031
283 211 58168681
284 123 756054457
285 274 999078790
286 125 506324486
287 98 408203888
288 153 678845498
289 45 513500003
290 127 865246878
291 170 999078790
292 174 506324486
293 73 538851419
294 42 413466620
295 158 604741648
296 111 102736640
297 14 865246878
298 282 152567372
299 67 413466620
300 30 554199330
301 148 59383283
302 113 13514204
303 300 257117841
304 266 309131704
305 234 305206619
306 215 408203888
307 88 152567372
308 290 881712302
309 235 604741648
310 253 999078790
311 309 469283278
312 300 111069281
313 76 678845498
314 68 825812711
315 139 309131704
316 135 27333984
317 177 678845498
318 168 305206619
319 142 408203888
320 312 13514204
321 234 250883073
322 150 468619346
323 228 408203888
324 243 468619346
325 310 469283278
326 158 506324486
327 26 469283278
328 163 736227617
329 204 23264031
330 285 550225472
331 233 408203888
332 122 408203888
333 319 413466620
334 278 756054457
335 51 434912140
336 291 756054457
337 100 374507102
338 200 684143426
339 42 374507102
340 126 428852222
341 18 408203888
342 113 13514204
343 128 513500003
344 187 250883073
345 190 678845498
346 121 684143426
347 8 865246878
348 75 468619346
349 304 489374129
350 60 413466620
351 77 250883073
352 153 999078790
353 270 703654162
354 99 678845498
355 81 740944148
356 178 111069281
357 136 27333984
358 32 257117841
359 269 999078790
360 45 102736640
361 342 736227617
362 220 736227617
363 32 740944148
364 129 434912140
365 11 506324486
366 267 550225472
367 156 538851419
368 217 736227617
369 191 323418839
370 176 488345312
371 313 459302980
372 220 489374129
373 67 881712302
374 307 538851419
375 25 322615638
376 283 604741648
377 340 684143426
378 347 488345312
379 310 250883073
380 335 341401461
381 310 703654162
382 166 59383283
383 379 309131704
384 180 408203888
385 108 999078790
386 55 881712302
387 367 865246878
388 111 488345312
389 155 999078790
390 58 703654162
391 206 756054457
392 235 550225472
393 383 488345312
394 107 796172311
395 356 250883073
396 206 865246878
397 317 428852222
398 204 796172311
399 295 428852222
400 343 756054457
401 238 428852222
402 196 250883073
403 245 322615638
404 63 678845498
405 312 428852222
406 290 684143426
407 392 513500003
408 248 413466620
409 84 309131704
410 287 13514204
411 18 513500003
412 216 881712302
413 381 23264031
414 241 428852222
415 212 257117841
416 199 250883073
417 313 408203888
418 191 489374129
419 415 58168681
420 73 999078790
421 286 678845498
422 285 506324486
423 229 309131704
424 36 309131704
425 107 434912140
426 317 374507102
427 284 489374129
428 124 305206619
429 328 73776323
430 131 488345312
431 336 865246878
432 305 999078790
433 388 513500003
434 97 678845498
435 143 796172311
436 295 796172311
437 79 489374129
438 389 488345312
439 313 459302980
440 312 322615638
441 129 865246878
442 329 27333984
443 57 678845498
444 167 469283278
445 126 513500003
446 346 756054457
447 363 322615638
448 197 865246878
449 39 489374129
450 267 881712302
451 390 408203888
452 117 341401461
453 258 257117841
454 307 102736640
455 430 881712302
456 383 488345312
457 142 428852222
458 275 408203888
459 158 881712302
460 215 257117841
461 209 740944148
462 348 59383283
463 260 554199330
464 117 23264031
465 104 13514204
466 74 684143426
467 171 408203888
468 292 554199330
469 109 58168681
470 226 152567372
471 210 469283278
472 353 111069281
473 264 475073033
474 344 59383283
475 459 250883073
476 171 678845498
477 276 23264031
478 214 428852222
479 146 322615638
480 340 736227617
481 428 27333984
482 333 102736640
483 398 59383283
484 422 756054457
485 394 408203888
486 417 684143426
487 290 413466620
488 453 703654162
489 396 341401461
490 86 152567372
491 330 678845498
492 427 631531416
493 464 488345312
494 349 341401461
495 341 506324486
496 386 554199330
497 267 631531416
498 176 413466620
499 416 309131704
500 355 152567372
501 401 489374129
502 227 374507102
503 86 73776323
504 340 513500003
505 227 102736640
506 383 736227617
507 267 631531416
508 194 631531416
509 181 13514204
510 286 341401461
511 97 428852222
512 252 513500003
513 495 13514204
514 51 257117841
515 275 257117841
516 270 58168681
517 91 305206619
518 161 506324486
519 61 538851419
520 165 27333984
521 98 73776323
522 227 309131704
523 399 257117841
524 61 554199330
525 237 678845498
526 58 374507102
527 502 413466620
528 28 631531416
529 322 152567372
530 71 825812711
531 135 413466620
532 92 73776323
533 236 152567372
534 307 73776323
535 419 309131704
536 188 999078790
537 375 468619346
538 147 881712302
539 309 489374129
540 59 102736640
541 98 152567372
542 62 999078790
543 18 459302980
544 120 102736640
545 232 257117841
546 141 341401461
547 526 309131704
548 452 305206619
549 97 59383283
550 83 881712302
551 135 468619346
552 169 513500003
553 130 881712302
554 318 250883073
555 282 506324486
556 473 27333984
557 375 408203888
558 186 475073033
559 156 408203888
560 106 554199330
561 242 999078790
562 451 13514204
563 265 23264031
564 278 323418839
565 474 428852222
566 200 703654162
567 111 322615638
568 469 736227617
569 217 341401461
570 522 678845498
571 15 513500003
572 129 428852222
573 458 513500003
574 229 73776323
575 267 374507102
576 308 323418839
577 391 604741648
578 353 881712302
579 41 341401461
580 273 684143426
581 236 756054457
582 89 736227617
583 208 323418839
584 89 736227617
585 186 428852222
586 407 999078790
587 317 796172311
588 324 250883073
589 267 506324486
590 119 489374129
591 460 740944148
592 346 413466620
593 509 374507102
594 485 73776323
595 287 631531416
596 564 604741648
597 234 58168681
598 248 73776323
599 414 73776323
600 526 550225472
601 516 257117841
602 571 257117841
603 414 554199330
604 132 374507102
605 418 434912140
606 299 23264031
607 108 469283278
608 373 475073033
609 364 678845498
610 388 111069281
611 118 489374129
612 264 13514204
613 219 309131704
614 67 554199330
615 490 554199330
616 438 740944148
617 533 554199330
618 567 631531416
619 217 58168681
620 273 305206619
621 392 434912140
622 108 703654162
623 452 152567372
624 590 999078790
625 441 434912140
626 622 631531416
627 55 408203888
628 296 475073033
629 581 408203888
630 524 23264031
631 456 999078790
632 443 257117841
633 532 756054457
634 256 740944148
635 19 703654162
636 600 736227617
637 198 684143426
638 207 489374129
639 531 796172311
640 76 111069281
641 619 678845498
642 318 488345312
643 113 881712302
644 406 73776323
645 495 825812711
646 184 881712302
647 629 341401461
648 229 736227617
649 223 489374129
650 530 488345312
651 647 554199330
652 650 152567372
653 507 881712302
654 358 102736640
655 101 631531416
656 535 58168681
657 441 678845498
658 407 865246878
659 550 250883073
660 46 374507102
661 175 434912140
662 481 413466620
663 511 434912140
664 305 756054457
665 165 13514204
666 476 631531416
667 556 684143426
668 204 23264031
669 486 102736640
670 610 152567372
671 425 999078790
672 203 309131704
673 569 469283278
674 49 59383283
675 141 309131704
676 41 554199330
677 63 825812711
678 589 152567372
679 335 506324486
680 536 468619346
681 484 408203888
682 33 323418839
683 462 152567372
684 556 428852222
685 628 13514204
686 323 309131704
687 83 999078790
688 523 703654162
689 289 489374129
690 156 756054457
691 491 322615638
692 18 488345312
693 79 468619346
694 58 488345312
695 423 408203888
696 327 550225472
697 659 309131704
698 621 468619346
699 345 102736640
700 266 538851419
701 681 604741648
702 427 323418839
703 278 796172311
704 699 341401461
705 584 488345312
706 328 538851419
707 50 323418839
708 260 408203888
709 128 250883073
710 620 469283278
711 665 73776323
712 497 999078790
713 153 513500003
714 540 413466620
715 177 58168681
716 554 13514204
717 462 73776323
718 109 796172311
719 661 631531416
720 533 102736640
721 53 23264031
722 233 374507102
723 554 825812711
724 75 305206619
725 630 27333984
726 299 550225472
727 503 257117841
728 107 554199330
729 387 322615638
730 229 250883073
731 600 865246878
732 407 374507102
733 683 428852222
734 145 468619346
735 168 374507102
736 262 322615638
737 302 489374129
738 352 434912140
739 667 322615638
740 81 604741648
741 42 475073033
742 467 374507102
743 337 309131704
744 150 428852222
745 312 102736640
746 66 413466620
747 251 250883073
748 663 13514204
749 714 468619346
750 390 374507102
751 684 678845498
752 670 554199330
753 250 13514204
754 304 111069281
755 440 506324486
756 699 102736640
757 447 506324486
758 686 740944148
759 613 506324486
760 649 489374129
761 663 865246878
762 97 23264031
763 352 309131704
764 36 468619346
765 574 58168681
766 608 703654162
767 152 23264031
768 302 434912140
769 254 323418839
770 654 434912140
771 157 152567372
772 115 322615638
773 569 152567372
774 751 111069281
775 111 257117841
776 236 428852222
777 319 684143426
778 594 684143426
779 302 111069281
780 27 684143426
781 740 631531416
782 591 488345312
783 208 250883073
784 759 684143426
785 162 825812711
786 528 459302980
787 155 468619346
788 451 489374129
789 664 257117841
790 114 322615638
791 705 468619346
792 632 413466620
793 565 538851419
794 652 631531416
795 30 703654162
796 496 475073033
797 192 703654162
798 372 538851419
799 283 756054457
800 204 684143426
801 717 59383283
802 434 309131704
803 125 550225472
804 547 13514204
805 456 73776323
806 656 550225472
807 660 428852222
808 414 825812711
809 345 554199330
810 643 413466620
811 313 468619346
812 233 323418839
813 720 434912140
814 773 428852222
815 168 341401461
816 39 684143426
817 739 684143426
818 389 323418839
819 434 408203888
820 302 469283278
821 803 305206619
822 783 341401461
823 512 513500003
824 416 257117841
825 160 23264031
826 711 152567372
827 208 469283278
828 737 740944148
829 654 684143426
830 76 631531416
831 541 59383283
832 223 796172311
833 173 631531416
834 302 740944148
835 93 23264031
836 364 250883073
837 511 538851419
838 662 73776323
839 609 468619346
840 661 323418839
841 298 73776323
842 492 631531416
843 698 58168681
844 750 469283278
845 549 513500003
846 361 756054457
847 675 58168681
848 287 513500003
849 336 554199330
850 142 678845498
851 423 323418839
852 423 309131704
853 632 631531416
854 576 825812711
855 424 111069281
856 565 111069281
857 236 322615638
858 79 428852222
859 304 736227617
860 696 73776323
861 23 469283278
862 813 27333984
863 229 631531416
864 109 736227617
865 723 59383283
866 622 323418839
867 408 796172311
868 487 23264031
869 816 604741648
870 788 538851419
871 348 434912140
872 429 13514204
873 6 58168681
874 124 408203888
875 293 865246878
876 483 740944148
877 691 322615638
878 5 825812711
879 67 678845498
880 231 550225472
881 605 102736640
882 315 881712302
883 12 736227617
884 720 23264031
885 376 309131704
886 763 489374129
887 863 554199330
888 734 881712302
889 133 305206619
890 747 434912140
891 141 341401461
892 718 408203888
893 240 305206619
894 590 538851419
895 819 428852222
896 37 305206619
897 500 865246878
898 614 152567372
899 888 102736640
900 590 506324486
901 393 488345312
902 787 408203888
903 44 538851419
904 664 58168681
905 433 740944148
906 853 323418839
907 156 631531416
908 461 257117841
909 152 309131704
910 665 604741648
911 154 374507102
912 548 341401461
913 158 756054457
914 3 469283278
915 892 538851419
916 771 23264031
917 423 102736640
918 365 341401461
919 159 684143426
920 251 59383283
921 584 825812711
922 460 513500003
923 605 469283278
924 220 13514204
925 181 341401461
926 238 469283278
927 766 257117841
928 474 58168681
929 387 152567372
930 796 58168681
931 171 413466620
932 776 740944148
933 739 408203888
934 264 309131704
935 347 428852222
936 824 13514204
937 592 736227617
938 352 469283278
939 499 305206619
940 531 257117841
941 690 305206619
942 506 257117841
943 827 428852222
944 284 111069281
945 632 428852222
946 120 73776323
947 823 374507102
948 111 459302980
949 641 459302980
950 17 469283278
951 346 13514204
952 753 550225472
953 679 865246878
954 152 538851419
955 616 152567372