10
450
1 2 20621
2 3 33415
3 4 89366
3 5 20454
3 6 19981
3 7 8052
7 8 60450
6 9 48354
5 10 30481
5 11 98369
8 12 67172
8 13 89305
9 14 75614
14 15 63931
13 16 32557
16 17 48417
15 18 24047
16 19 14176
15 20 82452
13 21 6617
18 22 60512
20 23 28523
19 24 60959
22 25 72908
21 26 53926
7 27 41520
27 28 8981
14 29 53564
27 30 33315
30 31 74189
23 32 24804
23 33 20822
30 34 40762
22 35 1911
33 36 43681
16 37 14069
27 38 32769
36 39 59978
35 40 59754
26 41 85214
40 42 85413
26 43 20688
37 44 26179
23 45 34004
13 46 50262
18 47 6888
35 48 76969
48 49 81391
44 50 11452
50 51 52231
39 52 94991
34 53 60799
47 54 13825
47 55 52965
54 56 23998
45 57 66040
46 58 97065
38 59 61008
24 60 47942
57 61 65618
51 62 88086
29 63 20776
34 64 47148
45 65 2748
38 66 92391
58 67 30214
43 68 67101
42 69 4838
54 70 10544
33 71 58234
52 72 85838
34 73 63215
30 74 11522
51 75 80144
47 76 64281
65 77 92745
49 78 7617
74 79 97820
65 80 22708
53 81 90907
57 82 18927
59 83 57606
60 84 22173
71 85 17394
49 86 81307
81 87 4820
59 88 24380
50 89 13876
87 90 31386
83 91 1681
81 92 36777
43 93 27271
58 94 42442
65 95 93258
38 96 16748
69 97 12348
89 98 71820
95 99 32353
90 100 31084
36 101 91009
79 102 86193
46 103 68718
90 104 99197
56 105 32061
87 106 32738
94 107 51974
87 108 25039
40 109 89338
94 110 40030
82 111 7119
107 112 7905
67 113 33046
69 114 50232
86 115 56296
108 116 72468
94 117 41470
114 118 32165
68 119 459
95 120 35342
110 121 38465
105 122 89600
117 123 1138
104 124 88408
124 125 49278
105 126 44386
100 127 16822
32 128 42195
89 129 39148
115 130 99947
90 131 5074
73 132 33545
55 133 1057
118 134 85396
45 135 97365
126 136 90686
129 137 30603
135 138 59096
118 139 76154
126 140 26081
96 141 91426
140 142 56725
96 143 13183
97 144 69531
79 145 49442
124 146 69558
118 147 41303
136 148 2095
121 149 10482
80 150 62493
144 151 14843
32 152 79679
72 153 66038
106 154 58698
105 155 68583
60 156 80817
149 157 30141
155 158 99257
114 159 48791
102 160 72596
112 161 65306
141 162 15296
130 163 15178
139 164 71464
85 165 43758
131 166 56739
154 167 56295
106 168 53059
87 169 37003
125 170 83376
69 171 5392
121 172 45837
169 173 53387
157 174 20499
163 175 83716
174 176 81390
140 177 67386
105 178 96198
166 179 8595
158 180 59499
162 181 89331
168 182 88831
176 183 62121
131 184 56923
149 185 51655
134 186 89973
135 187 8119
175 188 181
167 189 36724
178 190 26674
95 191 50305
191 192 33083
168 193 47374
137 194 42920
184 195 14378
96 196 38486
144 197 8924
95 198 84141
193 199 55579
156 200 94759
140 201 85528
182 202 52875
193 203 72453
93 204 51481
59 205 41706
201 206 64628
198 207 61646
154 208 51603
200 209 10202
191 210 41842
102 211 2056
203 212 73282
195 213 20083
159 214 68371
201 215 1118
147 216 33452
201 217 82615
216 218 24522
146 219 13767
181 220 28562
210 221 95768
96 222 93429
146 223 94155
183 224 97780
179 225 77406
167 226 83736
208 227 1681
212 228 55746
58 229 84365
124 230 77406
195 231 64163
117 232 57460
210 233 44154
159 234 35176
212 235 7739
214 236 72426
186 237 85296
201 238 85010
216 239 23146
211 240 62606
227 241 13170
210 242 80190
176 243 38459
150 244 38235
147 245 56069
194 246 52032
110 247 19935
159 248 41487
232 249 30366
87 250 8483
201 251 86982
180 252 18927
233 253 64166
232 254 18858
143 255 22176
226 256 37904
209 257 93788
106 258 41092
129 259 25425
187 260 20639
250 261 52064
237 262 66638
251 263 29945
221 264 15649
128 265 34460
242 266 35372
191 267 63931
246 268 652
186 269 63820
240 270 22715
158 271 79433
245 272 2862
76 273 93296
270 274 9978
190 275 59913
251 276 66377
250 277 69263
256 278 3468
260 279 9707
115 280 56296
275 281 8870
280 282 37250
173 283 35938
206 284 28612
269 285 64050
73 286 33462
236 287 81437
269 288 50380
236 289 19870
154 290 39329
193 291 62512
191 292 2036
257 293 89730
284 294 16763
202 295 51467
252 296 742
188 297 44298
93 298 75735
288 299 32344
139 300 9300
165 301 29612
202 302 94070
288 303 22406
134 304 5089
104 305 68443
129 306 80061
299 307 81997
279 308 34135
307 309 96790
147 310 60185
196 311 73324
291 312 14844
311 313 70620
233 314 3758
309 315 96082
313 316 96711
124 317 84995
296 318 11880
264 319 38884
199 320 33629
99 321 36657
130 322 59894
289 323 10537
315 324 153
193 325 43550
297 326 39311
220 327 96703
202 328 66964
213 329 11880
292 330 92972
205 331 32843
311 332 22974
316 333 17207
242 334 39918
242 335 54635
263 336 31614
154 337 10657
80 338 9932
322 339 84653
322 340 92390
275 341 82102
290 342 85748
316 343 33198
243 344 15714
200 345 57252
201 346 69401
204 347 84632
278 348 25425
296 349 58186
291 350 39031
312 351 76284
323 352 22675
250 353 88325
332 354 18185
267 355 88238
190 356 90478
268 357 15613
200 358 81601
332 359 48903
201 360 96553
228 361 88518
272 362 67693
224 363 74039
292 364 93419
347 365 28666
292 366 43463
326 367 68335
350 368 98452
267 369 22111
182 370 40105
294 371 99581
289 372 11805
279 373 32841
219 374 7923
306 375 10009
297 376 29057
243 377 20629
41 378 56502
272 379 13183
338 380 52333
252 381 5392
153 382 79278
174 383 55743
328 384 58675
260 385 31046
347 386 77108
316 387 13113
330 388 2727
344 389 46721
284 390 72127
179 391 4662
378 392 58010
362 393 92138
391 394 34665
286 395 10831
312 396 29422
369 397 18383
373 398 67757
360 399 91490
377 400 5319
376 401 28554
391 402 94424
352 403 13519
182 404 98502
400 405 32004
200 406 94342
298 407 80119
217 408 47070
185 409 42817
162 410 64202
345 411 61559
267 412 1987
337 413 69069
249 414 10779
389 415 78056
313 416 51360
377 417 13826
316 418 35864
417 419 88149
318 420 98369
417 421 8748
259 422 27711
395 423 97821
406 424 44920
397 425 2919
299 426 59861
274 427 46655
410 428 8641
249 429 40562
382 430 50621
414 431 98297
420 432 60618
317 433 40583
177 434 63214
179 435 8883
335 436 6476
358 437 70200
409 438 46125
210 439 64182
369 440 1688
365 441 26081
344 442 73719
394 443 63210
95 444 85613
424 445 96117
272 446 36265
383 447 55798
362 448 23787
120 449 48356
404 450 54591
483
1 2 2138
2 3 75182
2 4 31086
2 5 8362
4 6 77145
6 7 11783
7 8 93430
3 9 35839
7 10 99649
10 11 94710
7 12 91577
12 13 24869
6 14 46463
14 15 91747
11 16 39943
14 17 34205
17 18 67733
10 19 84155
15 20 51760
20 21 38413
16 22 27379
21 23 32549
23 24 12301
20 25 95667
19 26 71121
26 27 2027
23 28 91158
21 29 3343
21 30 89089
26 31 41124
29 32 2599
22 33 78933
25 34 66293
23 35 18970
25 36 38064
31 37 42505
35 38 28724
32 39 38065
35 40 6950
29 41 66694
35 42 67127
31 43 7132
37 44 97931
17 45 37578
40 46 57690
34 47 13719
35 48 73231
38 49 47649
48 50 19086
50 51 16064
47 52 93112
49 53 76530
52 54 21055
36 55 53229
53 56 56233
43 57 72389
57 58 89165
56 59 29362
30 60 98774
40 61 13295
59 62 18630
52 63 63416
58 64 55977
49 65 28278
30 66 82721
62 67 68354
67 68 19451
44 69 50129
65 70 5133
59 71 14804
63 72 19792
64 73 78664
61 74 78536
73 75 26136
75 76 23007
69 77 71239
57 78 52706
73 79 28534
60 80 68850
74 81 82368
49 82 39559
39 83 80955
83 84 97265
59 85 19792
85 86 39471
82 87 91933
73 88 87705
59 89 143
89 90 93500
90 91 92143
88 92 58570
65 93 7366
89 94 33851
68 95 32403
82 96 46169
67 97 66806
82 98 13589
85 99 67026
74 100 469
58 101 27296
95 102 72164
97 103 6453
74 104 76023
89 105 71575
100 106 30925
94 107 96264
105 108 32724
102 109 6464
99 110 12005
76 111 63309
63 112 90663
110 113 23702
113 114 90637
93 115 95561
52 116 75820
74 117 38298
111 118 36583
90 119 23065
115 120 54686
109 121 49212
107 122 55059
110 123 8670
122 124 24111
110 125 44439
121 126 34315
116 127 18320
103 128 72914
93 129 66149
82 130 61533
129 131 21518
121 132 17545
127 133 57484
74 134 68159
124 135 79525
79 136 9349
109 137 49301
111 138 84413
95 139 90531
62 140 77414
132 141 26039
130 142 8279
121 143 39079
121 144 62766
38 145 42505
136 146 93475
94 147 7464
47 148 33343
142 149 53612
139 150 59504
140 151 66094
114 152 12149
152 153 54392
102 154 35839
147 155 83333
145 156 34065
118 157 10442
132 158 11531
114 159 65568
104 160 93835
97 161 53817
145 162 64931
158 163 70712
108 164 27407
158 165 5205
152 166 14896
153 167 36025
44 168 31460
61 169 36056
126 170 19648
159 171 94679
102 172 96518
162 173 17514
111 174 40553
145 175 37567
123 176 50684
145 177 92419
153 178 20188
150 179 47987
102 180 66723
176 181 39211
172 182 98852
182 183 55424
179 184 54842
96 185 27623
148 186 59918
152 187 35750
100 188 78912
181 189 66202
179 190 45297
183 191 18002
155 192 36527
191 193 36841
169 194 17077
174 195 8990
192 196 45518
176 197 75277
170 198 71898
171 199 57018
197 200 70819
187 201 15535
197 202 82038
149 203 6481
177 204 45309
193 205 53488
101 206 42265
189 207 56031
156 208 25333
146 209 64717
130 210 1450
147 211 51935
200 212 63021
206 213 68529
119 214 68942
205 215 10107
188 216 93053
212 217 46005
186 218 25109
183 219 58147
219 220 82782
217 221 86787
169 222 1356
209 223 8721
186 224 42049
141 225 59092
225 226 31923
214 227 93185
182 228 29981
195 229 76474
213 230 13012
196 231 92910
94 232 38296
182 233 52041
226 234 59693
139 235 83671
194 236 69654
227 237 55427
127 238 71932
212 239 78933
237 240 17797
216 241 2631
196 242 25425
197 243 94147
236 244 2780
244 245 51194
209 246 11174
211 247 29986
230 248 59226
172 249 1835
240 250 17950
177 251 12614
184 252 12703
217 253 79301
243 254 68311
195 255 99796
213 256 50129
249 257 97589
158 258 86223
257 259 90030
227 260 81023
205 261 27640
244 262 66619
262 263 98045
171 264 42332
264 265 4358
217 266 23150
259 267 72736
206 268 12297
203 269 29953
236 270 44856
163 271 47038
266 272 84048
198 273 28095
199 274 32929
176 275 63799
259 276 580
271 277 30005
265 278 71560
150 279 18901
218 280 74690
238 281 48974
164 282 49212
212 283 58554
234 284 19580
253 285 84091
232 286 90533
255 287 67969
248 288 32778
286 289 42240
263 290 87569
254 291 50111
282 292 19834
253 293 57366
263 294 89790
128 295 85161
279 296 81030
206 297 59973
133 298 97316
238 299 26235
283 300 60608
263 301 39917
267 302 39546
245 303 93893
137 304 96665
271 305 36370
285 306 61576
302 307 67510
296 308 85356
303 309 13997
216 310 50112
265 311 42362
276 312 8292
280 313 66478
273 314 43421
252 315 95270
250 316 38184
300 317 39045
199 318 28917
301 319 53550
229 320 20091
299 321 34401
240 322 67625
215 323 37371
251 324 90280
156 325 5697
306 326 98435
246 327 32222
262 328 54505
217 329 71898
255 330 78621
285 331 56206
318 332 72099
283 333 10823
312 334 50879
289 335 72488
272 336 54110
215 337 98247
311 338 17921
277 339 63291
301 340 63073
315 341 94034
266 342 47640
338 343 71235
284 344 2556
274 345 9960
293 346 69379
299 347 82617
320 348 61332
252 349 70875
285 350 26794
228 351 91580
223 352 88188
346 353 97689
337 354 70373
340 355 61181
297 356 89307
352 357 98290
313 358 56339
223 359 90735
319 360 77988
286 361 7237
216 362 47349
300 363 26259
307 364 95972
357 365 91283
208 366 96009
121 367 37892
223 368 84255
341 369 81515
362 370 2078
370 371 17516
358 372 27209
286 373 84553
302 374 7937
373 375 54087
238 376 55500
332 377 34576
357 378 84442
180 379 83247
344 380 13550
162 381 24990
377 382 41639
358 383 89946
256 384 38368
287 385 38598
372 386 27452
302 387 93254
328 388 9510
351 389 74843
353 390 29136
389 391 28418
382 392 95270
384 393 15675
291 394 98430
384 395 27180
325 396 95152
379 397 7606
159 398 19150
351 399 32486
330 400 9705
396 401 82886
373 402 42296
349 403 20031
317 404 23603
313 405 36965
329 406 35918
387 407 41374
277 408 72361
403 409 87316
394 410 65838
394 411 86980
362 412 72140
342 413 50785
362 414 91563
372 415 2148
393 416 63534
388 417 42022
360 418 98084
404 419 82617
342 420 49579
380 421 37721
340 422 90533
374 423 96537
309 424 86445
321 425 64446
371 426 5966
411 427 38707
422 428 83320
425 429 98255
392 430 26652
149 431 61770
337 432 60126
379 433 13294
284 434 87370
324 435 8716
331 436 32045
271 437 56454
385 438 44129
257 439 3512
401 440 34568
361 441 8842
419 442 7857
403 443 18778
368 444 22222
431 445 38247
366 446 2296
403 447 70993
412 448 21385
434 449 77754
337 450 20045
430 451 97905
154 452 72236
409 453 71071
375 454 57767
440 455 6497
283 456 7612
325 457 62589
301 458 54406
437 459 99490
407 460 63002
211 461 52223
407 462 26936
457 463 53354
463 464 90939
307 465 44458
338 466 68728
354 467 98582
459 468 84757
440 469 67772
381 470 35342
319 471 2869
303 472 62719
320 473 70793
343 474 34394
452 475 34671
359 476 65142
427 477 99534
467 478 81659
404 479 29004
369 480 48244
391 481 45473
307 482 3679
172 483 43514
496
1 2 85634
2 3 46169
3 4 75319
4 5 56256
5 6 54228
5 7 20811
7 8 5367
8 9 47928
9 10 50428
10 11 32644
11 12 35813
12 13 29625
13 14 13351
14 15 37598
15 16 94818
12 17 7468
14 18 97684
18 19 63315
19 20 94783
19 21 32263
17 22 92647
22 23 58738
23 24 25380
24 25 28125
25 26 5133
22 27 67026
20 28 93096
28 29 64996
22 30 85299
28 31 88510
22 32 37459
32 33 81507
30 34 71269
33 35 60015
35 36 42555
31 37 38624
37 38 95111
34 39 94069
33 40 34677
40 41 50249
37 42 30168
40 43 44740
43 44 22719
41 45 43864
41 46 66991
42 47 20165
45 48 87775
46 49 97727
49 50 89221
47 51 86270
41 52 2269
48 53 4782
53 54 81048
54 55 11565
46 56 55797
56 57 34683
54 58 98749
53 59 75510
54 60 42641
60 61 49078
38 62 56758
60 63 89831
58 64 73159
61 65 90953
64 66 94814
60 67 95665
59 68 2672
64 69 44619
68 70 20303
67 71 63417
68 72 47654
62 73 58694
58 74 38873
74 75 60644
74 76 8254
75 77 60150
67 78 95949
64 79 79028
77 80 56215
62 81 14935
81 82 84290
80 83 23501
79 84 97015
83 85 17632
85 86 8598
81 87 49363
87 88 49348
88 89 72257
87 90 99901
57 91 55166
76 92 11538
71 93 91283
92 94 152
90 95 78711
92 96 52688
93 97 80823
83 98 86404
80 99 97014
67 100 10858
100 101 48733
77 102 20130
76 103 10750
102 104 50856
104 105 76555
101 106 80060
104 107 44263
105 108 77222
82 109 23035
102 110 31183
104 111 77319
108 112 23501
110 113 54451
105 114 62575
107 115 34900
109 116 20597
111 117 2701
115 118 87988
118 119 94703
117 120 77816
87 121 7940
118 122 66230
117 123 60674
109 124 86706
119 125 60767
123 126 4362
122 127 70219
110 128 17441
119 129 38652
128 130 26995
126 131 99234
130 132 54843
116 133 71158
124 134 91013
115 135 55923
132 136 46763
120 137 62942
135 138 63807
131 139 4059
139 140 43849
136 141 2368
139 142 25432
141 143 93883
133 144 2505
132 145 66327
112 146 74309
124 147 77467
133 148 30565
140 149 3126
135 150 36643
144 151 39613
137 152 33929
138 153 59114
130 154 80994
148 155 26021
152 156 44124
154 157 12394
144 158 28200
129 159 43974
141 160 12024
130 161 76216
142 162 60843
154 163 15440
156 164 78373
145 165 97233
121 166 81726
150 167 30901
143 168 51057
153 169 25516
155 170 20630
151 171 97825
146 172 9279
168 173 27545
169 174 31794
166 175 38583
165 176 6649
164 177 77325
153 178 89398
173 179 51264
179 180 90741
175 181 30065
157 182 5643
181 183 71215
123 184 21599
170 185 66835
161 186 1318
172 187 58542
155 188 15628
169 189 29228
183 190 45924
187 191 23223
158 192 7658
180 193 94977
190 194 78695
164 195 79604
157 196 30126
192 197 98722
185 198 68411
197 199 88403
193 200 23788
193 201 26613
200 202 77467
200 203 38263
177 204 14119
155 205 78369
188 206 3114
205 207 37009
202 208 70270
190 209 63081
178 210 15695
159 211 79647
206 212 61689
176 213 88167
210 214 86141
159 215 83549
206 216 15352
203 217 74683
205 218 58851
175 219 87023
199 220 24160
209 221 80978
197 222 81131
195 223 92365
213 224 97546
201 225 6930
218 226 47061
205 227 84570
203 228 88539
198 229 3006
181 230 4877
205 231 68843
209 232 66147
232 233 63236
212 234 52871
226 235 40010
232 236 52377
233 237 44791
195 238 52888
236 239 18757
176 240 7513
208 241 33216
220 242 21789
214 243 52665
243 244 34955
234 245 24380
184 246 86675
242 247 50848
245 248 72813
241 249 47307
204 250 48048
210 251 38313
196 252 60976
252 253 38418
252 254 83184
190 255 98764
216 256 15409
227 257 20762
212 258 19218
236 259 89557
254 260 84991
253 261 67858
252 262 132
229 263 6462
250 264 20116
259 265 63523
246 266 40044
256 267 51187
256 268 94219
262 269 47793
212 270 35725
257 271 70852
267 272 80405
266 273 71044
264 274 17533
269 275 19690
235 276 58391
270 277 65737
236 278 6001
267 279 93323
244 280 22621
245 281 88797
229 282 67835
242 283 76624
258 284 35694
281 285 18871
285 286 95109
276 287 94143
260 288 33834
275 289 69616
266 290 75280
262 291 19192
285 292 15409
248 293 2265
280 294 74205
265 295 94567
274 296 45097
292 297 59427
270 298 92275
276 299 32572
219 300 56634
247 301 24332
293 302 87714
202 303 99247
303 304 5585
233 305 74804
250 306 46169
299 307 44698
259 308 1997
299 309 65629
262 310 58882
283 311 86677
166 312 3483
294 313 96801
304 314 54876
284 315 51432
313 316 66403
251 317 74387
283 318 61703
316 319 56571
297 320 80722
308 321 13508
239 322 46223
269 323 23134
260 324 63050
286 325 94251
315 326 42088
197 327 81267
320 328 90825
321 329 72963
328 330 89592
315 331 31489
304 332 91001
276 333 73990
296 334 83580
311 335 54333
329 336 75837
329 337 69694
321 338 33863
310 339 161
277 340 22849
332 341 41992
338 342 4031
269 343 78240
321 344 70780
291 345 21375
240 346 69244
328 347 29137
304 348 37901
229 349 5558
340 350 21517
325 351 52481
310 352 29384
321 353 86309
345 354 82933
311 355 36776
343 356 82224
335 357 84756
351 358 79903
346 359 35305
327 360 40952
336 361 74619
279 362 26691
353 363 88777
342 364 13325
346 365 74307
324 366 62236
321 367 64460
250 368 13464
261 369 16683
336 370 52200
359 371 34900
330 372 73945
367 373 33233
361 374 26405
298 375 42266
365 376 58391
341 377 67134
367 378 69610
375 379 25534
353 380 5542
356 381 40657
346 382 49758
379 383 79532
382 384 27791
368 385 8867
282 386 92194
386 387 99223
309 388 10903
286 389 44806
358 390 4296
302 391 40553
348 392 72813
341 393 62632
261 394 73571
374 395 42539
391 396 52795
394 397 51793
391 398 65597
332 399 25778
396 400 40619
363 401 83350
386 402 30214
355 403 80684
277 404 94344
397 405 31714
366 406 24619
390 407 44345
390 408 18102
338 409 80339
259 410 39864
301 411 13258
356 412 64786
358 413 21603
405 414 81120
413 415 46103
384 416 81376
369 417 53151
392 418 22964
373 419 70804
399 420 51207
400 421 8068
414 422 51254
402 423 52518
380 424 64109
400 425 11884
228 426 46888
400 427 79015
405 428 46757
385 429 31302
345 430 39483
348 431 14190
383 432 85447
422 433 14635
364 434 88521
422 435 20165
399 436 60844
381 437 43844
379 438 42641
308 439 40030
355 440 99519
439 441 94891
435 442 11749
433 443 43502
433 444 65130
351 445 56559
443 446 78266
441 447 42625
283 448 73138
415 449 70349
405 450 25703
436 451 12779
413 452 57215
452 453 93609
432 454 62840
428 455 89046
395 456 30741
417 457 41541
335 458 71290
451 459 60192
382 460 46949
267 461 25767
411 462 56471
419 463 44111
419 464 92508
454 465 79181
408 466 18140
433 467 9657
401 468 19259
449 469 26572
465 470 14459
425 471 83903
469 472 11580
402 473 65965
412 474 30259
402 475 36340
423 476 96910
411 477 86946
418 478 91915
432 479 39874
454 480 59939
451 481 64193
429 482 48581
444 483 65030
456 484 4526
473 485 89299
331 486 62856
442 487 87434
444 488 13661
383 489 52470
478 490 43170
446 491 12496
391 492 80920
480 493 16358
429 494 96179
469 495 48246
410 496 89592
451
1 2 5633
2 3 519
3 4 11587
4 5 86073
5 6 36179
6 7 13921
7 8 29808
7 9 61158
9 10 84608
9 11 18701
11 12 33813
11 13 94386
13 14 31621
14 15 54420
10 16 70792
15 17 56951
17 18 22792
15 19 76938
16 20 80817
19 21 76499
21 22 47812
20 23 10768
23 24 61089
20 25 31666
25 26 73567
25 27 13512
27 28 51223
28 29 81419
25 30 81501
29 31 4752
29 32 88067
32 33 46794
31 34 29052
31 35 59650
34 36 82566
32 37 12244
32 38 9702
37 39 61158
36 40 11889
38 41 46137
35 42 57186
42 43 78040
43 44 21820
39 45 11587
38 46 78481
46 47 56135
47 48 50982
37 49 38643
41 50 71092
38 51 19622
47 52 58258
48 53 35997
50 54 66180
52 55 85749
38 56 8968
56 57 29424
50 58 68251
53 59 7190
59 60 13953
51 61 15598
59 62 35487
48 63 4563
62 64 98434
58 65 51116
54 66 45945
61 67 75474
65 68 19438
59 69 21286
68 70 7665
68 71 37932
63 72 35750
72 73 99485
71 74 27208
70 75 33961
50 76 50381
64 77 23630
77 78 73390
72 79 51595
74 80 93090
80 81 93225
68 82 43210
77 83 36902
64 84 49825
84 85 53771
78 86 79404
80 87 65041
65 88 30083
77 89 18614
72 90 89189
88 91 24617
84 92 89189
86 93 10968
86 94 29519
94 95 36669
95 96 50685
96 97 91863
85 98 75568
97 99 30042
93 100 21298
90 101 3344
99 102 84645
96 103 8628
100 104 92345
93 105 96977
56 106 73683
105 107 43791
103 108 29138
97 109 21560
106 110 47259
106 111 80068
91 112 66168
96 113 37608
110 114 60983
111 115 95410
99 116 26574
84 117 89206
95 118 29335
117 119 54990
117 120 71758
119 121 82419
116 122 71967
120 123 29363
96 124 90558
104 125 96610
119 126 17728
115 127 5699
124 128 98102
90 129 87385
77 130 27262
113 131 59294
126 132 66448
130 133 75466
123 134 46255
97 135 86576
133 136 73166
134 137 84322
112 138 61110
137 139 31142
125 140 86113
138 141 58144
139 142 32923
73 143 56135
127 144 22255
135 145 43273
121 146 23498
136 147 62963
136 148 21103
145 149 24597
143 150 13976
137 151 80040
136 152 10784
148 153 94441
137 154 65154
107 155 71641
151 156 46613
156 157 13456
123 158 85078
157 159 43697
154 160 87815
151 161 21326
144 162 32554
122 163 33362
148 164 18336
136 165 17979
144 166 48546
141 167 19413
136 168 94898
127 169 67701
152 170 29636
162 171 63905
150 172 26140
160 173 98331
163 174 50168
154 175 58899
166 176 29678
176 177 74299
158 178 3666
176 179 43698
176 180 21111
136 181 21298
176 182 59598
181 183 14369
175 184 53775
182 185 34627
166 186 35864
175 187 22379
165 188 25443
169 189 41587
172 190 26138
185 191 91587
185 192 98126
177 193 39674
192 194 15608
163 195 53712
131 196 43434
166 197 75075
178 198 6946
156 199 52506
196 200 5213
196 201 4318
199 202 45945
198 203 40751
177 204 49484
193 205 15870
205 206 25061
160 207 23775
183 208 3238
189 209 1440
180 210 17410
202 211 61210
205 212 14636
208 213 37285
206 214 42536
191 215 31196
172 216 96236
207 217 82443
197 218 5663
150 219 31142
202 220 62695
210 221 26317
217 222 19617
216 223 28807
223 224 43210
167 225 49971
175 226 57328
202 227 7991
194 228 91716
199 229 66596
227 230 36712
218 231 52898
230 232 24617
225 233 61875
233 234 19883
198 235 82378
216 236 50478
224 237 76117
220 238 67537
234 239 97427
222 240 63980
238 241 41071
224 242 76120
227 243 86109
235 244 86343
233 245 36615
157 246 14431
243 247 3593
233 248 23552
210 249 99304
238 250 41227
237 251 20880
193 252 97407
236 253 22707
245 254 87890
241 255 87096
233 256 63980
249 257 11292
199 258 31498
194 259 79149
249 260 87924
237 261 1416
260 262 22688
235 263 85317
252 264 97278
251 265 13208
253 266 15996
259 267 21103
261 268 26818
234 269 97316
249 270 79971
265 271 75825
258 272 39461
228 273 8916
259 274 90110
273 275 35144
275 276 86498
264 277 29088
272 278 79036
260 279 56014
276 280 97365
262 281 56948
207 282 70017
261 283 83981
277 284 58752
281 285 81501
281 286 72363
235 287 53601
276 288 41669
226 289 79150
245 290 30548
275 291 83065
278 292 88180
233 293 28914
205 294 91538
285 295 64630
246 296 74727
287 297 87829
285 298 56278
283 299 76499
267 300 47820
269 301 61235
273 302 6493
225 303 28111
267 304 21896
304 305 75801
261 306 23077
296 307 34006
277 308 40438
267 309 46311
293 310 34898
222 311 26767
286 312 27500
310 313 7676
309 314 59721
312 315 16978
272 316 86242
309 317 61086
290 318 82598
294 319 64965
314 320 51157
304 321 73406
298 322 67555
307 323 70209
311 324 37698
321 325 26818
303 326 53639
317 327 35133
278 328 56163
317 329 70986
284 330 25241
298 331 26303
289 332 15106
312 333 89203
313 334 90846
205 335 1431
326 336 58743
300 337 59294
283 338 53523
324 339 97122
314 340 64630
272 341 31031
296 342 9624
331 343 4316
338 344 45086
317 345 12032
312 346 71355
342 347 1083
253 348 82646
326 349 98207
346 350 26399
271 351 24025
328 352 62501
331 353 69970
333 354 80173
319 355 45076
327 356 46591
345 357 16262
354 358 24913
308 359 77669
322 360 85823
259 361 4661
324 362 24590
347 363 64434
325 364 94444
358 365 84190
343 366 67110
360 367 71302
361 368 53279
365 369 66049
365 370 21596
369 371 73903
358 372 55039
334 373 27907
295 374 15677
328 375 42151
371 376 36511
352 377 63231
338 378 14056
306 379 53703
358 380 23509
314 381 33888
366 382 73472
339 383 85161
353 384 21761
354 385 30502
337 386 8968
338 387 78633
262 388 10446
354 389 11577
383 390 98981
326 391 92837
387 392 11798
348 393 24793
381 394 19288
377 395 10500
391 396 63035
343 397 98609
371 398 66180
398 399 41315
359 400 90920
392 401 69671
374 402 129
398 403 51595
331 404 91989
387 405 17582
320 406 67211
353 407 1395
356 408 19883
383 409 50149
302 410 53289
369 411 99934
392 412 63280
412 413 50486
410 414 48448
397 415 87074
376 416 18677
410 417 34224
412 418 33807
331 419 62695
401 420 70812
339 421 2858
263 422 49517
375 423 74107
386 424 47745
288 425 78073
410 426 42176
424 427 95759
357 428 21906
347 429 35827
426 430 24266
348 431 72868
410 432 41937
402 433 79955
417 434 90101
406 435 82086
423 436 7609
425 437 99316
370 438 62420
393 439 38613
411 440 95016
421 441 30572
414 442 17454
422 443 75083
439 444 61483
333 445 84645
265 446 92819
389 447 55002
381 448 20397
423 449 94087
391 450 57132
334 451 26278
466
2 1 97396
3 2 81671
4 1 5304
5 1 24707
6 1 97694
7 3 34790
8 7 10407
9 4 18412
10 2 3973
11 2 91161
12 4 96964
13 7 31143
14 9 70003
15 4 26093
16 7 3522
17 2 16552
18 8 63592
19 11 60549
20 12 96152
21 6 45435
22 10 96303
23 10 40885
24 3 18831
25 21 23412
26 19 56707
27 22 88122
28 15 10244
29 22 7220
30 1 74316
31 12 13919
32 7 78463
33 23 46469
34 19 2957
35 10 28618
36 29 65790
37 18 75912
38 29 62771
39 36 73087
40 22 44129
41 14 19812
42 4 76137
43 8 47894
44 26 82727
45 17 46413
46 18 7650
47 42 81642
48 39 89070
49 41 37616
50 44 69356
51 50 69004
52 39 18018
53 42 75909
54 7 38304
55 32 91908
56 55 60015
57 25 69071
58 39 71934
59 58 18018
60 45 85327
61 24 9085
62 6 32385
63 56 81223
64 19 48658
65 57 37946
66 60 57837
67 8 6242
68 21 79843
69 14 94960
70 25 71407
71 40 24422
72 31 58771
73 56 75182
74 52 9656
75 68 95067
76 4 38711
77 74 77767
78 43 58072
79 78 68238
80 60 53881
81 3 10906
82 30 86866
83 71 36188
84 76 30663
85 6 861
86 61 69597
87 8 81107
88 75 6635
89 51 10903
90 81 13392
91 86 32661
92 12 12691
93 74 23067
94 13 95254
95 65 9331
96 57 2157
97 83 32315
98 4 41484
99 87 30477
100 24 2223
101 63 93338
102 15 77001
103 22 14646
104 18 54391
105 33 92077
106 55 91595
107 102 76185
108 13 42869
109 55 29546
110 10 65052
111 42 72159
112 16 9020
113 44 38301
114 60 94657
115 69 58326
116 108 49384
117 98 38462
118 117 73214
119 29 47814
120 44 6145
121 61 80597
122 103 87730
123 17 32520
124 4 63896
125 2 72681
126 64 45017
127 106 66094
128 71 5525
129 64 2969
130 45 67183
131 123 70446
132 120 84818
133 23 72284
134 80 82052
135 39 74198
136 18 74781
137 101 88907
138 73 52871
139 48 92466
140 15 3305
141 47 31605
142 13 76094
143 13 40408
144 83 4194
145 41 52772
146 49 6658
147 62 10182
148 64 70229
149 86 42470
150 107 8738
151 129 27542
152 7 92658
153 11 99353
154 133 3319
155 127 45221
156 29 88516
157 59 98634
158 118 58459
159 113 25424
160 122 69312
161 46 75301
162 94 96120
163 85 88276
164 90 37345
165 49 58187
166 141 54214
167 12 32564
168 157 31657
169 64 29546
170 143 33344
171 72 48321
172 68 74465
173 90 77580
174 95 63170
175 118 38858
176 59 32041
177 14 42344
178 65 95730
179 98 90980
180 119 44317
181 63 81052
182 162 58000
183 167 94700
184 142 58393
185 131 82600
186 93 81845
187 113 98993
188 14 74695
189 17 59758
190 150 92660
191 35 22113
192 72 85204
193 89 78327
194 41 99919
195 17 10661
196 45 76216
197 73 35347
198 2 68136
199 84 56687
200 127 78028
201 109 44586
202 10 27265
203 73 5528
204 69 31554
205 153 92911
206 53 85469
207 150 85787
208 25 25254
209 207 19308
210 57 5212
211 137 68077
212 188 8423
213 68 21008
214 144 67295
215 193 50209
216 131 8241
217 207 50706
218 168 70305
219 107 20483
220 24 72020
221 73 24257
222 169 63213
223 48 38938
224 223 78423
225 177 78384
226 211 22574
227 112 9613
228 150 39778
229 40 96319
230 71 67253
231 56 79408
232 103 60122
233 65 32015
234 154 17442
235 75 58015
236 92 82073
237 95 47051
238 47 7553
239 72 89
240 222 90269
241 175 29052
242 127 28500
243 128 16505
244 202 9493
245 105 69303
246 68 77586
247 218 374
248 22 69446
249 36 80782
250 179 45776
251 162 32687
252 200 5974
253 170 96489
254 159 86710
255 243 54724
256 186 61083
257 247 90616
258 167 33319
259 36 70024
260 202 64274
261 149 83428
262 36 32819
263 139 86619
264 122 73684
265 248 12506
266 140 38520
267 111 4473
268 13 29546
269 196 56877
270 84 42325
271 62 5811
272 239 63599
273 84 90380
274 127 87321
275 69 25891
276 10 65534
277 151 6930
278 33 9826
279 80 70559
280 239 36221
281 118 16796
282 179 37910
283 252 5339
284 162 891
285 84 45463
286 255 79126
287 8 50324
288 72 60118
289 26 49947
290 54 2852
291 175 91051
292 183 28678
293 100 94002
294 227 69798
295 118 57948
296 39 75941
297 278 63851
298 172 27374
299 10 19215
300 254 78632
301 168 47617
302 148 25403
303 8 71415
304 215 83374
305 32 78502
306 91 26814
307 215 59336
308 20 27330
309 21 11405
310 224 45791
311 133 44662
312 264 4077
313 81 82055
314 264 41722
315 134 8640
316 114 27088
317 64 7650
318 75 44496
319 97 94420
320 222 63333
321 52 275
322 37 32796
323 59 36600
324 149 15595
325 189 73855
326 116 8582
327 158 24066
328 216 41867
329 118 15746
330 125 76104
331 282 24162
332 251 95409
333 132 26531
334 323 62873
335 35 5300
336 238 51266
337 103 35954
338 163 86576
339 24 55278
340 311 7719
341 123 53601
342 246 1373
343 328 83525
344 194 48179
345 40 58389
346 212 38950
347 174 97063
348 189 59712
349 80 38491
350 63 65439
351 203 63050
352 215 73120
353 299 25477
354 228 99705
355 280 1982
356 176 71943
357 109 83999
358 216 28909
359 2 15852
360 63 70659
361 62 63959
362 137 92837
363 168 1323
364 208 81365
365 307 57296
366 347 89588
367 272 93701
368 256 26494
369 255 53307
370 91 46099
371 102 63734
372 178 82812
373 137 63392
374 20 76083
375 11 19406
376 222 48655
377 240 72942
378 37 14030
379 116 96357
380 174 43932
381 215 89296
382 309 74013
383 102 11313
384 56 51458
385 132 51630
386 301 96700
387 194 8295
388 214 95039
389 315 1105
390 38 77696
391 202 72702
392 156 91441
393 16 24688
394 219 52743
395 331 51940
396 249 61995
397 369 10375
398 264 73944
399 192 43355
400 215 95061
401 378 87214
402 73 31197
403 36 56241
404 123 39731
405 92 18855
406 211 35266
407 368 13286
408 170 688
409 109 54692
410 294 84853
411 200 54844
412 243 63218
413 50 89972
414 61 17160
415 310 68805
416 44 38739
417 67 89918
418 304 65317
419 15 59481
420 22 70446
421 135 10762
422 103 19194
423 229 20070
424 27 81281
425 209 41379
426 344 83630
427 69 36014
428 135 32943
429 350 67968
430 411 57317
431 267 37109
432 394 28750
433 174 9353
434 415 37630
435 346 62404
436 361 24606
437 111 86336
438 433 93817
439 280 67307
440 300 69071
441 11 5528
442 12 34796
443 6 68368
444 380 69489
445 143 72540
446 289 25191
447 108 8697
448 219 56547
449 427 89523
450 242 89176
451 63 51630
452 389 85047
453 402 44976
454 45 95270
455 103 825
456 333 78287
457 388 12387
458 292 98078
459 70 22183
460 261 31019
461 375 40360
462 410 47851
463 308 60928
464 15 87249
465 29 15692
466 275 59794
454
2 1 48434
3 1 88130
4 3 70874
5 3 98823
6 5 2579
7 6 33406
8 6 93439
9 4 37672
10 8 96173
11 9 45568
12 11 51554
13 12 63267
14 10 55899
15 14 83866
16 12 66902
17 15 23113
18 17 96988
19 14 48881
20 19 10898
21 16 55089
22 21 20429
23 18 24876
24 19 76779
25 23 92491
26 24 96214
27 26 4065
28 24 18607
29 27 69022
30 26 82129
31 29 45408
32 30 57603
33 32 57063
34 33 31111
35 34 6195
36 32 5987
37 32 90017
38 34 26485
39 38 30550
40 35 37915
41 38 62128
42 40 23052
43 42 52541
44 39 98067
45 44 91115
46 42 24191
47 46 78213
48 45 74134
49 45 38042
50 47 29187
51 47 587
52 48 44503
53 52 51754
54 53 40465
55 53 91516
56 55 64709
57 52 80074
58 55 65887
59 57 38092
60 56 45534
61 59 26925
62 57 12604
63 60 37026
64 61 26242
65 63 19210
66 63 66409
67 62 61200
68 67 10643
69 68 48252
70 69 10027
71 66 16824
72 71 88289
73 69 26744
74 70 60115
75 74 69569
76 71 68452
77 75 67691
78 74 6569
79 75 79142
80 78 73199
81 78 84559
82 81 62867
83 80 2708
84 81 86285
85 80 62497
86 82 87297
87 85 68052
88 85 74631
89 85 82944
90 86 1909
91 87 76139
92 87 41432
93 91 50395
94 89 66907
95 90 35693
96 92 9182
97 93 55395
98 94 56467
99 98 67178
100 95 45758
101 100 19435
102 101 49634
103 101 3691
104 103 89363
105 104 30544
106 103 73293
107 104 79615
108 103 67191
109 106 25506
110 107 12370
111 106 10251
112 110 21354
113 112 17321
114 112 68188
115 111 16180
116 111 14729
117 115 62398
118 114 93189
119 115 54342
120 118 17817
121 120 80815
122 118 56452
123 121 37064
124 122 94896
125 121 59923
126 121 3974
127 125 86886
128 125 58835
129 127 45448
130 129 12736
131 130 41579
132 129 50395
133 132 77339
134 130 7123
135 134 58385
136 131 28982
137 136 51399
138 134 81077
139 137 74070
140 139 28051
141 138 91968
142 138 5449
143 139 89689
144 140 96878
145 140 26292
146 141 28946
147 146 69215
148 143 17830
149 144 36725
150 146 10339
151 149 29534
152 151 23965
153 149 25104
154 153 79500
155 151 25181
156 154 42920
157 156 66662
158 154 45773
159 156 45448
160 159 2284
161 158 6626
162 158 69081
163 162 30724
164 162 97908
165 160 67191
166 162 43260
167 165 72580
168 167 23647
169 166 68741
170 168 94765
171 166 63587
172 168 18450
173 170 10571
174 172 5595
175 171 10845
176 175 48809
177 174 93051
178 175 39515
179 177 44646
180 175 87085
181 180 39364
182 180 6680
183 178 76840
184 182 23647
185 181 68986
186 182 53869
187 185 45543
188 184 92984
189 185 75499
190 187 28105
191 190 47727
192 189 90730
193 188 35838
194 193 78595
195 191 34981
196 192 3034
197 195 21614
198 193 23094
199 198 66575
200 198 49379
201 197 3539
202 198 49924
203 200 57823
204 201 78688
205 202 12555
206 202 18643
207 204 95691
208 203 64457
209 206 83444
210 209 46850
211 209 96003
212 210 25757
213 211 43972
214 209 83943
215 213 47362
216 213 57333
217 216 53252
218 214 2702
219 216 46968
220 215 54192
221 216 59143
222 217 44426
223 219 36189
224 223 49634
225 220 2469
226 221 83943
227 225 40379
228 226 61937
229 225 90633
230 226 42749
231 229 49813
232 231 20380
233 231 7781
234 230 47517
235 233 50172
236 231 72810
237 232 39515
238 236 80585
239 236 30978
240 237 55154
241 236 64665
242 239 26955
243 238 72745
244 240 37524
245 242 23161
246 242 70042
247 244 67365
248 247 17443
249 244 21862
250 248 4065
251 247 92743
252 249 20159
253 248 27636
254 249 95442
255 251 7951
256 253 29456
257 256 86036
258 254 58967
259 254 66724
260 255 95074
261 256 29679
262 258 66201
263 260 56142
264 259 8944
265 264 86377
266 261 76541
267 263 65778
268 266 14526
269 266 61526
270 266 39775
271 267 7926
272 270 57383
273 271 80763
274 273 33970
275 274 66767
276 273 52722
277 272 75326
278 276 78917
279 275 96782
280 277 4261
281 279 42693
282 277 46622
283 282 62320
284 283 92975
285 283 72017
286 282 90216
287 286 2649
288 285 94492
289 285 98671
290 286 73034
291 287 98546
292 288 3317
293 289 23732
294 292 88844
295 291 36594
296 295 11117
297 296 61866
298 296 55910
299 294 40757
300 299 44365
301 299 92517
302 300 81790
303 302 28276
304 302 90133
305 302 59418
306 301 5451
307 302 38109
308 305 21614
309 305 54742
310 308 2625
311 309 37706
312 308 93334
313 309 63406
314 309 92690
315 314 99398
316 315 42644
317 316 75419
318 313 31250
319 315 61427
320 317 21198
321 319 40305
322 320 95934
323 321 24321
324 323 25828
325 323 50342
326 323 80333
327 324 87336
328 323 1516
329 326 70811
330 326 79714
331 327 8014
332 330 14950
333 329 48252
334 330 69687
335 334 44589
336 332 44643
337 333 20020
338 335 74441
339 336 19435
340 339 3317
341 336 86886
342 337 29151
343 339 76779
344 341 12164
345 340 47098
346 342 60047
347 344 38534
348 345 88501
349 347 69916
350 346 22573
351 349 75984
352 347 85453
353 348 71140
354 353 9116
355 351 82946
356 355 99952
357 354 5713
358 354 46641
359 358 20634
360 359 26869
361 360 41229
362 357 24667
363 362 5724
364 361 9390
365 363 22469
366 364 34043
367 363 62169
368 363 38817
369 367 79905
370 367 81936
371 370 54164
372 368 60313
373 370 23385
374 370 75818
375 374 63406
376 375 13231
377 374 65254
378 375 2596
379 375 90473
380 377 62926
381 377 41591
382 381 51049
383 378 45164
384 382 17965
385 381 74585
386 384 42529
387 386 67635
388 384 26332
389 386 28168
390 385 6569
391 389 27372
392 387 22015
393 389 83123
394 390 15546
395 393 17820
396 391 42865
397 393 51504
398 396 48152
399 394 70415
400 398 52722
401 400 65695
402 399 28716
403 399 83027
404 399 30325
405 402 21548
406 402 73043
407 406 90308
408 407 19944
409 404 66167
410 408 19604
411 408 51380
412 407 15396
413 411 94613
414 412 18285
415 414 44131
416 413 1173
417 413 85563
418 415 96930
419 415 14879
420 416 51856
421 419 78595
422 419 97417
423 420 13955
424 422 54192
425 422 56620
426 425 62497
427 423 29593
428 426 54093
429 428 47971
430 427 66441
431 428 4463
432 429 12760
433 432 68003
434 429 55449
435 433 25689
436 434 39432
437 434 72985
438 433 44452
439 438 11679
440 435 38138
441 439 73012
442 440 57182
443 438 21404
444 440 60996
445 444 55309
446 442 45069
447 443 84585
448 447 72072
449 447 84019
450 447 43368
451 446 54742
452 450 57168
453 450 28168
454 451 7179
461
2 1 74538
3 2 52589
4 1 57403
5 2 41744
6 3 44349
7 2 89770
8 6 73285
9 8 91578
10 6 78740
11 9 28455
12 8 88818
13 11 55058
14 2 47509
15 8 39987
16 2 99936
17 9 10190
18 8 72377
19 1 29873
20 17 18549
21 19 9051
22 11 46852
23 20 64104
24 5 89127
25 3 20591
26 14 531
27 25 91013
28 24 10412
29 5 59209
30 19 27982
31 7 6871
32 11 95251
33 15 43903
34 12 77993
35 19 19211
36 11 45994
37 32 61677
38 29 76748
39 15 82400
40 16 99655
41 19 19089
42 29 38491
43 39 39310
44 18 63094
45 40 19071
46 18 83690
47 14 65427
48 31 13322
49 21 93790
50 44 77239
51 6 47898
52 27 52720
53 22 75091
54 37 1052
55 5 55652
56 36 17792
57 31 17761
58 22 5913
59 23 47022
60 35 10939
61 11 78881
62 26 90138
63 32 17314
64 30 61069
65 63 87055
66 13 25974
67 62 43338
68 8 62460
69 14 95456
70 1 43132
71 8 43215
72 39 59293
73 49 67851
74 34 81616
75 3 31325
76 16 52415
77 32 44468
78 6 47223
79 55 67806
80 5 26718
81 17 90748
82 9 53985
83 30 18366
84 62 655
85 13 23632
86 1 10045
87 35 64462
88 13 41632
89 61 5763
90 41 12091
91 18 98258
92 36 58608
93 34 28729
94 44 3423
95 3 16668
96 89 55324
97 33 4452
98 86 60599
99 96 84272
100 99 77881
101 55 62633
102 20 98001
103 4 43656
104 15 61534
105 76 83115
106 22 52375
107 12 98111
108 70 91825
109 31 22194
110 95 29823
111 100 83830
112 63 49671
113 39 53032
114 16 95838
115 40 39604
116 8 27360
117 48 67856
118 24 6283
119 68 76570
120 52 98105
121 106 76748
122 105 14038
123 102 34728
124 109 56769
125 122 23454
126 7 41312
127 118 75254
128 95 11085
129 37 81567
130 9 1268
131 62 95959
132 23 84744
133 69 34762
134 6 27269
135 81 8914
136 119 73525
137 8 52154
138 42 73534
139 66 49613
140 60 790
141 49 65487
142 16 80329
143 15 93320
144 140 92376
145 73 20730
146 140 10301
147 103 84549
148 103 14014
149 103 95803
150 133 34924
151 51 18440
152 124 96248
153 73 75407
154 153 62698
155 151 79459
156 65 60453
157 115 57976
158 76 66600
159 99 95154
160 87 66592
161 92 71018
162 136 26391
163 116 90887
164 111 80028
165 37 38125
166 43 10661
167 61 26558
168 162 74143
169 96 58030
170 89 18538
171 66 42912
172 55 3610
173 74 335
174 77 67136
175 40 20371
176 147 9525
177 157 39462
178 2 52361
179 41 90321
180 173 53002
181 74 15369
182 54 42401
183 149 15381
184 99 53784
185 119 16953
186 4 24038
187 172 4029
188 41 79514
189 93 80199
190 37 15002
191 66 85281
192 99 58946
193 104 36425
194 100 67549
195 112 94188
196 68 91879
197 100 92514
198 56 15156
199 51 18081
200 186 77561
201 104 82894
202 137 41793
203 81 52223
204 120 79332
205 190 55251
206 97 92583
207 68 60323
208 2 69995
209 119 4754
210 194 44756
211 59 26633
212 155 63278
213 157 65749
214 18 9032
215 200 88009
216 142 24839
217 215 33007
218 109 84232
219 126 11414
220 180 17287
221 116 84281
222 112 60618
223 164 86939
224 194 43107
225 4 4535
226 215 12057
227 67 72944
228 132 8052
229 148 96040
230 90 31273
231 55 63220
232 144 84110
233 157 18486
234 162 20783
235 95 33400
236 98 59622
237 229 5955
238 190 97766
239 127 78805
240 180 763
241 138 4876
242 145 67507
243 190 83928
244 96 20642
245 67 53024
246 182 49306
247 194 56647
248 109 84441
249 93 83179
250 116 30320
251 198 70943
252 130 75326
253 167 20868
254 32 23793
255 89 33698
256 45 96347
257 208 3630
258 8 40219
259 111 86305
260 55 36211
261 30 44056
262 184 42072
263 9 97883
264 196 38048
265 170 13512
266 77 47837
267 173 91882
268 260 42056
269 262 61689
270 201 47838
271 4 9579
272 133 82599
273 10 82629
274 122 71613
275 117 34748
276 97 85531
277 126 3392
278 198 55678
279 131 20659
280 247 14283
281 150 97998
282 114 23547
283 81 7560
284 90 41446
285 256 83414
286 127 23332
287 62 82867
288 62 232
289 282 23809
290 88 89500
291 236 33415
292 167 22712
293 222 60007
294 160 59629
295 287 60080
296 202 91911
297 44 34748
298 288 14863
299 40 27403
300 214 76103
301 231 47761
302 44 63278
303 175 69296
304 30 29907
305 236 5241
306 155 55177
307 96 56625
308 290 96226
309 144 22334
310 309 17488
311 89 56926
312 157 68191
313 70 83797
314 283 92214
315 177 67549
316 300 74459
317 1 45524
318 311 69502
319 71 90748
320 219 21393
321 252 41237
322 193 46555
323 178 82967
324 253 19211
325 272 49759
326 126 53008
327 222 31015
328 139 37792
329 86 22626
330 198 21401
331 115 84040
332 256 62594
333 6 56585
334 6 99389
335 334 98925
336 23 16342
337 259 31444
338 321 47308
339 282 6587
340 250 75407
341 270 52953
342 300 36711
343 27 68612
344 34 62166
345 215 58407
346 223 44054
347 62 82982
348 175 37496
349 172 83922
350 281 50147
351 20 15622
352 123 37242
353 285 94930
354 281 90187
355 324 16191
356 316 9490
357 263 65466
358 120 27529
359 320 41939
360 23 34445
361 316 58292
362 64 34683
363 216 5241
364 350 57993
365 113 76773
366 152 41203
367 313 18440
368 161 7869
369 196 52745
370 250 86913
371 14 3553
372 161 39124
373 37 36897
374 140 2752
375 23 45745
376 121 40108
377 247 84592
378 41 31821
379 277 26744
380 312 63117
381 115 7564
382 230 76563
383 154 48559
384 185 42056
385 338 74149
386 37 34126
387 245 61611
388 1 5776
389 373 93181
390 382 44374
391 69 35731
392 371 76864
393 259 52243
394 298 96195
395 191 95937
396 339 34194
397 178 62832
398 374 64271
399 188 67087
400 2 25177
401 322 93386
402 135 38279
403 304 47622
404 267 51879
405 91 46839
406 72 13122
407 130 95714
408 182 19919
409 122 71479
410 289 72846
411 92 86013
412 202 97330
413 395 4986
414 326 19436
415 15 30240
416 390 94214
417 366 45128
418 32 63506
419 308 92147
420 159 90418
421 37 42367
422 166 84659
423 382 49403
424 189 43303
425 150 92244
426 22 71092
427 190 12034
428 19 6633
429 278 66592
430 420 30106
431 44 71662
432 239 6824
433 66 31707
434 407 1681
435 96 12917
436 216 21100
437 417 52928
438 9 68859
439 300 81944
440 161 70081
441 379 59936
442 419 36756
443 425 43120
444 174 92436
445 380 40274
446 387 53872
447 223 70931
448 320 21216
449 198 23117
450 132 26127
451 295 12812
452 48 18515
453 186 80065
454 210 57291
455 439 45332
456 364 27110
457 354 89612
458 418 71773
459 222 90748
460 227 97676
461 105 91770
494
1 2 16523
2 3 37935
2 4 93550
3 5 11278
5 6 40585
4 7 53201
7 8 85501
6 9 59674
9 10 92780
10 11 31540
10 12 22975
10 13 64694
13 14 81865
10 15 67209
14 16 24552
15 17 27486
17 18 62744
17 19 46560
17 20 24222
19 21 2784
19 22 22687
22 23 78441
21 24 12730
18 25 79825
23 26 24328
25 27 98879
25 28 10608
24 29 15553
29 30 29948
29 31 49818
31 32 62491
31 33 4842
33 34 38158
23 35 92780
28 36 52457
35 37 67597
34 38 19454
33 39 53629
36 40 33565
28 41 34528
34 42 98265
40 43 52694
43 44 52686
32 45 26187
44 46 45670
41 47 38788
25 48 26557
45 49 6552
49 50 45265
49 51 93153
42 52 3837
35 53 69313
44 54 83873
36 55 58021
47 56 99811
56 57 54729
49 58 90438
46 59 5153
44 60 68964
59 61 36092
58 62 72810
46 63 6612
59 64 40863
51 65 3982
54 66 33373
66 67 95653
57 68 63731
62 69 43026
40 70 38158
66 71 16393
57 72 84256
69 73 18848
65 74 72869
73 75 55862
61 76 31599
69 77 1298
74 78 15063
71 79 68965
78 80 1487
77 81 58913
68 82 28519
80 83 52372
75 84 96621
74 85 5153
85 86 13469
61 87 88201
76 88 7431
75 89 16032
75 90 83148
86 91 46532
71 92 93245
88 93 19700
79 94 42629
63 95 10658
94 96 32556
91 97 26714
88 98 98429
92 99 591
87 100 2620
84 101 55306
76 102 20842
97 103 1394
103 104 33621
99 105 93385
62 106 46333
104 107 8103
106 108 9903
87 109 41700
109 110 46532
86 111 6690
101 112 84977
101 113 47215
71 114 3847
105 115 39159
95 116 14994
114 117 90874
111 118 65915
70 119 72402
112 120 95161
115 121 98045
103 122 75765
116 123 80485
117 124 504
114 125 38315
111 126 50488
121 127 60384
80 128 24500
101 129 56267
105 130 3861
117 131 52249
108 132 57364
123 133 55306
121 134 20245
87 135 94527
123 136 54615
89 137 23670
103 138 85867
111 139 50891
121 140 36820
125 141 65026
116 142 85501
91 143 9221
138 144 85069
142 145 7919
117 146 53080
137 147 73071
111 148 81422
122 149 20501
127 150 13308
136 151 7474
147 152 53447
146 153 79453
148 154 53500
152 155 26714
142 156 29837
153 157 36794
144 158 64967
157 159 14320
105 160 85486
123 161 74632
160 162 75456
150 163 53955
135 164 99035
157 165 79017
165 166 72022
93 167 29542
155 168 41850
128 169 16523
156 170 81366
113 171 45994
133 172 88078
150 173 78500
162 174 64689
173 175 4917
168 176 26285
151 177 36937
167 178 73483
166 179 9193
172 180 59923
140 181 58572
173 182 84882
182 183 515
144 184 18515
176 185 31084
148 186 24552
170 187 3190
166 188 28943
185 189 50891
170 190 36092
177 191 30216
169 192 26637
154 193 19578
174 194 12546
189 195 43515
194 196 45826
112 197 62039
180 198 49858
154 199 2299
189 200 5404
193 201 11124
182 202 4400
201 203 53444
171 204 15044
204 205 82804
162 206 69725
190 207 78262
202 208 5247
190 209 17546
181 210 43733
208 211 16393
202 212 28672
158 213 1772
191 214 13469
178 215 7659
200 216 8804
200 217 9887
215 218 96755
206 219 94527
206 220 26045
207 221 74939
187 222 92944
174 223 29482
211 224 93591
173 225 79191
140 226 59478
223 227 69226
227 228 79848
201 229 7216
187 230 96970
230 231 7216
222 232 15553
226 233 83439
226 234 8733
183 235 1458
210 236 94628
211 237 1772
139 238 33641
230 239 53728
210 240 77610
169 241 47369
233 242 47421
238 243 67579
242 244 1179
236 245 1772
216 246 6259
220 247 8710
212 248 21460
209 249 25611
240 250 65356
236 251 20982
239 252 72997
240 253 68965
185 254 81062
247 255 28519
222 256 1487
215 257 28936
210 258 52582
243 259 50599
231 260 24985
237 261 76242
235 262 74939
253 263 89319
198 264 93190
246 265 58913
248 266 23723
219 267 76115
248 268 24423
260 269 66812
235 270 50062
270 271 8890
245 272 73071
252 273 53290
260 274 5278
253 275 42973
250 276 19454
236 277 54592
218 278 9887
220 279 88731
274 280 59243
280 281 4890
268 282 56267
254 283 60740
261 284 13469
275 285 81971
272 286 31316
277 287 30217
166 288 41700
197 289 83439
217 290 23244
265 291 59586
281 292 76134
233 293 98045
289 294 28990
287 295 11189
292 296 94134
281 297 47457
200 298 14596
198 299 14596
290 300 92032
199 301 41940
294 302 8379
290 303 18909
178 304 24435
271 305 20774
303 306 42973
277 307 15923
284 308 25846
301 309 84108
288 310 39768
308 311 25155
283 312 17438
309 313 41607
265 314 49391
281 315 80654
237 316 55389
269 317 21760
222 318 2410
281 319 42505
249 320 3790
289 321 37542
286 322 16393
295 323 5535
294 324 52624
293 325 18103
223 326 45419
301 327 16393
309 328 77065
310 329 48024
301 330 51621
240 331 55285
316 332 98734
328 333 1487
296 334 41517
302 335 58836
329 336 11531
287 337 91087
315 338 48917
264 339 12197
317 340 4303
332 341 53080
302 342 39578
290 343 43864
287 344 69348
279 345 38982
262 346 74632
311 347 57861
342 348 43251
319 349 47124
283 350 83148
342 351 20982
347 352 47369
295 353 90438
316 354 55862
347 355 91488
294 356 63007
285 357 67177
336 358 7192
346 359 58543
357 360 44545
252 361 30216
361 362 45604
358 363 11073
347 364 38887
348 365 93186
346 366 67119
359 367 24366
357 368 47927
319 369 82476
362 370 81106
368 371 80972
353 372 30611
288 373 62135
346 374 62302
373 375 98301
371 376 25159
335 377 38359
331 378 41701
367 379 25526
370 380 6514
371 381 43171
274 382 42664
287 383 43878
381 384 36225
355 385 93602
366 386 40592
380 387 72618
341 388 6678
386 389 53999
361 390 88165
339 391 31637
315 392 23305
378 393 75504
267 394 88697
394 395 51610
375 396 15787
361 397 90542
362 398 30226
272 399 41243
384 400 74699
294 401 46560
392 402 90936
362 403 25990
275 404 80197
400 405 24328
393 406 12251
343 407 28936
396 408 32854
314 409 41450
300 410 82482
342 411 2351
394 412 21427
383 413 42505
357 414 21374
398 415 99855
397 416 23954
409 417 20301
388 418 13895
414 419 70768
387 420 53728
298 421 30926
411 422 79513
400 423 3636
406 424 3190
359 425 21250
421 426 38644
359 427 77809
383 428 83268
369 429 38339
367 430 64694
288 431 3891
340 432 93226
387 433 31335
303 434 72810
390 435 30106
421 436 84967
410 437 13830
406 438 67066
383 439 19865
372 440 51621
292 441 44248
395 442 36822
440 443 8044
370 444 515
383 445 74546
266 446 19898
405 447 20245
429 448 62744
344 449 57937
433 450 66901
426 451 1179
451 452 1668
423 453 9887
404 454 33373
394 455 24900
386 456 77393
453 457 96621
396 458 86914
375 459 30216
444 460 78320
434 461 39159
450 462 39890
428 463 7431
423 464 41700
446 465 56671
460 466 84090
427 467 18876
432 468 66812
289 469 39156
347 470 43515
429 471 85867
405 472 41279
398 473 24900
460 474 3190
468 475 51621
207 476 85006
466 477 11714
453 478 9221
474 479 41866
425 480 12208
472 481 38969
447 482 38040
377 483 29447
420 484 18515
434 485 62039
395 486 58994
454 487 97046
281 488 11124
460 489 49858
469 490 3054
364 491 68964
368 492 43026
350 493 66668
381 494 5705
468
2 1 82988
3 2 24991
4 2 15234
5 3 98826
6 5 54887
7 4 54980
8 4 96310
9 4 63165
10 2 77657
11 2 52285
12 3 38083
13 10 73933
14 4 90085
15 12 49727
16 3 83074
17 14 23281
18 13 42904
19 3 22433
20 15 72057
21 13 78171
22 2 52780
23 5 51113
24 20 23228
25 19 24899
26 5 34919
27 10 96530
28 14 64665
29 20 10697
30 21 71358
31 6 45689
32 11 64843
33 24 67219
34 14 94374
35 26 41571
36 4 3098
37 24 55560
38 10 14575
39 4 80823
40 4 21948
41 20 11632
42 23 60876
43 42 77526
44 38 70263
45 15 77257
46 39 59045
47 2 57158
48 38 99079
49 7 4935
50 43 7516
51 30 50665
52 29 72506
53 26 55416
54 23 44267
55 20 62768
56 13 22713
57 23 85562
58 31 90256
59 51 29123
60 24 68110
61 26 6711
62 25 63613
63 13 7197
64 63 45042
65 56 11061
66 44 35209
67 55 12653
68 38 91642
69 21 48840
70 61 38405
71 48 370
72 56 80559
73 31 76936
74 50 68319
75 43 39346
76 63 66568
77 35 23796
78 24 70751
79 50 47727
80 46 70108
81 64 57580
82 43 86192
83 51 23894
84 56 3098
85 11 10789
86 38 12420
87 37 55434
88 87 98251
89 71 34267
90 37 38083
91 33 78479
92 69 82472
93 26 27483
94 48 40872
95 21 22082
96 22 30841
97 18 70364
98 59 92283
99 9 76156
100 99 40987
101 32 20109
102 78 80481
103 92 24168
104 10 45611
105 96 76215
106 16 66114
107 63 22844
108 20 83289
109 99 37109
110 89 44248
111 24 7559
112 105 16105
113 11 97961
114 110 54882
115 8 92444
116 114 11221
117 5 71366
118 54 9949
119 52 8821
120 25 3478
121 37 22709
122 12 60231
123 88 75364
124 109 14967
125 71 70775
126 18 7622
127 57 12956
128 86 84502
129 43 58497
130 19 68963
131 67 64931
132 11 3678
133 26 5686
134 23 94861
135 15 76026
136 50 90246
137 121 12729
138 57 86617
139 126 55604
140 16 77201
141 7 5810
142 65 14370
143 15 62224
144 85 25801
145 123 99760
146 44 13180
147 31 93578
148 5 20794
149 72 61682
150 11 6210
151 141 93166
152 2 26117
153 94 3538
154 58 7554
155 56 6571
156 148 85621
157 137 27272
158 157 38600
159 34 46738
160 39 74830
161 56 38333
162 69 71658
163 32 79390
164 99 28728
165 6 16131
166 36 47727
167 140 34722
168 41 91176
169 111 26560
170 41 80896
171 132 34375
172 99 75255
173 113 79393
174 77 2270
175 136 74818
176 159 77246
177 166 35982
178 93 30974
179 60 57134
180 26 68862
181 114 55053
182 101 97655
183 28 97084
184 13 30222
185 167 9890
186 14 64726
187 65 61156
188 61 94238
189 1 79208
190 168 12314
191 63 44916
192 91 92179
193 23 67832
194 37 89777
195 103 79779
196 15 38277
197 104 33071
198 2 66591
199 39 79065
200 82 50108
201 7 62564
202 127 69403
203 53 89643
204 103 73585
205 88 64250
206 90 13773
207 104 19117
208 155 56498
209 14 8348
210 132 85685
211 173 92085
212 59 88137
213 6 30035
214 160 48088
215 49 85919
216 18 86232
217 66 22053
218 27 10597
219 2 73956
220 166 11613
221 147 89997
222 39 80355
223 22 46738
224 161 43416
225 174 3378
226 102 66396
227 150 99884
228 6 39976
229 133 47019
230 161 95282
231 121 14572
232 188 24797
233 75 38802
234 203 90552
235 234 40124
236 207 40572
237 213 82153
238 191 18348
239 26 97740
240 34 94129
241 233 88539
242 173 98590
243 129 1948
244 142 50201
245 217 3866
246 93 27120
247 138 87274
248 217 18237
249 228 21197
250 48 88980
251 196 70646
252 100 73707
253 9 50562
254 63 3958
255 185 22284
256 217 97761
257 245 88845
258 13 9796
259 197 29163
260 27 31505
261 28 80056
262 256 49785
263 100 40164
264 101 92607
265 32 25959
266 92 69923
267 114 9253
268 92 70683
269 82 66854
270 178 60270
271 198 77370
272 117 74422
273 153 32685
274 217 80056
275 252 47489
276 107 33824
277 157 1460
278 21 70390
279 53 9940
280 74 24570
281 177 30210
282 270 44041
283 240 778
284 255 56662
285 214 84354
286 135 79126
287 117 14875
288 106 92819
289 148 35052
290 39 27933
291 230 32041
292 29 93228
293 262 32988
294 193 40319
295 57 21236
296 217 15479
297 25 13565
298 42 99734
299 199 67872
300 116 24017
301 146 42376
302 117 72684
303 61 53955
304 266 378
305 115 75891
306 193 14655
307 90 29219
308 218 46802
309 153 83714
310 78 47262
311 90 34880
312 95 96706
313 300 16635
314 106 28911
315 252 39638
316 57 69060
317 271 82454
318 210 68340
319 125 41772
320 78 698
321 266 96254
322 89 8298
323 117 10750
324 126 80610
325 30 44056
326 243 26422
327 73 20851
328 136 45539
329 116 15647
330 2 10164
331 91 39562
332 76 61194
333 258 20716
334 110 73487
335 243 30382
336 322 25246
337 27 88154
338 202 64181
339 126 56568
340 265 23028
341 22 63207
342 106 91615
343 119 88020
344 154 32921
345 51 63668
346 143 43709
347 226 35168
348 235 45168
349 294 53611
350 327 61888
351 348 60845
352 309 29272
353 73 77456
354 256 18380
355 151 40692
356 140 63179
357 288 28719
358 56 93987
359 199 8390
360 187 48820
361 148 59497
362 132 71338
363 90 86848
364 157 58857
365 297 23315
366 164 54409
367 315 48493
368 167 21369
369 149 32465
370 358 65092
371 264 16972
372 262 79817
373 131 24715
374 64 44728
375 312 85562
376 151 77175
377 137 85874
378 163 96445
379 58 91776
380 284 75253
381 139 82558
382 367 3097
383 377 3850
384 267 64269
385 99 8754
386 120 86545
387 13 83551
388 235 92333
389 361 74420
390 374 4552
391 294 47720
392 22 39276
393 252 77747
394 374 83599
395 386 37589
396 19 31040
397 152 55867
398 262 77101
399 398 17054
400 16 39474
401 341 44387
402 37 83995
403 164 37604
404 369 86164
405 241 16043
406 208 22869
407 93 34522
408 189 95352
409 201 29000
410 107 71475
411 381 866
412 298 33999
413 104 12016
414 107 38667
415 406 53148
416 315 68672
417 334 31509
418 112 45042
419 280 57325
420 330 16036
421 105 50585
422 104 40103
423 258 73186
424 35 94648
425 362 58834
426 203 10338
427 116 9666
428 241 23477
429 34 72958
430 381 76638
431 174 25597
432 302 66381
433 15 76193
434 79 99476
435 63 9599
436 142 71676
437 199 80560
438 56 32089
439 104 13039
440 226 80610
441 49 34935
442 130 17154
443 144 34976
444 41 7302
445 140 13747
446 33 57258
447 404 36584
448 340 90949
449 380 20109
450 80 9866
451 380 53973
452 250 23915
453 34 39317
454 161 37760
455 282 46923
456 418 9567
457 88 74753
458 1 43745
459 170 55652
460 329 80448
461 39 7787
462 10 58984
463 142 44900
464 343 3159
465 407 1589
466 452 5970
467 88 79795
468 87 41447
469
2 1 7653
3 2 96970
4 2 47107
5 3 36993
6 3 74644
7 4 59808
8 7 3342
9 4 46205
10 6 63048
11 2 99305
12 8 94175
13 1 71058
14 8 58149
15 8 87577
16 3 30253
17 11 993
18 17 58340
19 5 88953
20 16 49219
21 2 74569
22 7 88720
23 20 19585
24 18 12001
25 8 54316
26 25 62997
27 8 71144
28 21 39862
29 5 67427
30 18 82962
31 5 43960
32 30 67744
33 11 2555
34 1 36659
35 13 76508
36 6 19762
37 4 43374
38 24 33821
39 16 94649
40 4 16794
41 13 75841
42 9 52069
43 8 73972
44 10 31504
45 34 21986
46 12 50260
47 46 42335
48 35 27451
49 6 49719
50 32 58028
51 22 54008
52 21 31269
53 46 53856
54 11 74046
55 41 32422
56 51 98544
57 13 20868
58 37 83114
59 41 71714
60 33 81619
61 4 67968
62 60 1609
63 2 56973
64 37 26701
65 33 69743
66 14 69349
67 62 62888
68 13 48345
69 10 88850
70 55 52829
71 8 72546
72 54 75496
73 2 15088
74 59 65422
75 52 27948
76 24 33392
77 52 86051
78 20 71058
79 46 56853
80 71 81766
81 16 29679
82 44 26432
83 40 13321
84 19 31898
85 28 72546
86 68 39368
87 71 22793
88 43 3957
89 51 76004
90 3 34821
91 46 97251
92 32 81770
93 74 16042
94 39 43332
95 69 99212
96 68 11273
97 10 33392
98 77 24563
99 43 30990
100 68 5825
101 52 35215
102 72 72463
103 72 94264
104 99 49784
105 11 69527
106 94 95101
107 83 37645
108 87 91832
109 70 13920
110 33 47628
111 93 9446
112 10 70065
113 30 65459
114 17 59669
115 64 21635
116 95 90771
117 2 23044
118 102 91465
119 101 39067
120 102 75812
121 56 29215
122 59 32422
123 81 52674
124 16 20565
125 121 66970
126 43 56194
127 69 74346
128 124 38781
129 51 84067
130 21 851
131 40 353
132 40 88925
133 105 55713
134 34 21635
135 65 45318
136 82 52153
137 91 31319
138 37 7320
139 108 61719
140 102 20820
141 16 27264
142 19 65838
143 124 16169
144 31 14538
145 133 81236
146 37 34904
147 29 76911
148 2 30212
149 126 43216
150 108 83853
151 90 20160
152 115 28311
153 38 97602
154 97 69531
155 148 32539
156 25 88535
157 95 23361
158 124 76004
159 60 15832
160 31 37197
161 89 73472
162 135 15990
163 81 94453
164 65 36804
165 21 16782
166 162 76129
167 22 76484
168 42 74412
169 47 35953
170 22 20795
171 107 61417
172 72 59314
173 95 14051
174 67 95475
175 150 73472
176 21 33346
177 41 25521
178 176 1558
179 19 65690
180 73 84667
181 132 81737
182 86 43340
183 39 54469
184 84 87643
185 161 62171
186 165 66967
187 37 39321
188 125 14867
189 63 86585
190 77 60631
191 176 79132
192 59 64863
193 37 84035
194 79 58638
195 70 90971
196 189 81887
197 84 58735
198 79 12047
199 26 70873
200 66 71440
201 84 66460
202 201 59513
203 158 49279
204 22 53447
205 54 32798
206 32 25156
207 33 79722
208 28 61628
209 158 10045
210 189 84625
211 83 25896
212 139 50893
213 74 13652
214 106 94175
215 177 55875
216 42 34006
217 135 38068
218 93 41252
219 130 37174
220 60 65754
221 166 89914
222 35 12663
223 148 30639
224 177 1527
225 4 28537
226 84 87649
227 107 15879
228 169 61695
229 219 95558
230 93 91934
231 221 4828
232 96 781
233 179 92433
234 49 77785
235 54 2171
236 44 82083
237 225 66447
238 69 75960
239 107 30990
240 104 21801
241 183 3999
242 12 25406
243 114 3038
244 13 22449
245 158 51907
246 227 80236
247 19 59767
248 76 42564
249 154 82836
250 174 27594
251 1 43960
252 235 85781
253 15 85832
254 157 81619
255 210 88262
256 113 67213
257 76 1144
258 24 43750
259 86 20534
260 101 61223
261 21 71730
262 228 15243
263 16 93706
264 29 38531
265 67 96625
266 213 26434
267 124 90771
268 198 85484
269 164 48469
270 29 66435
271 165 31402
272 43 20085
273 154 67772
274 38 90946
275 12 10045
276 168 68076
277 59 12578
278 69 31670
279 70 21048
280 256 397
281 175 99653
282 233 11859
283 158 15088
284 264 4762
285 74 27719
286 98 48013
287 253 28924
288 248 68297
289 41 44137
290 215 57812
291 97 54239
292 197 67427
293 178 40357
294 289 32913
295 189 48275
296 259 367
297 87 34335
298 70 63607
299 162 9232
300 268 11273
301 256 72538
302 1 86338
303 30 97882
304 211 46531
305 89 66148
306 291 2123
307 223 83509
308 59 31316
309 306 80918
310 157 28699
311 67 77611
312 192 6181
313 58 83740
314 34 19548
315 262 41326
316 149 29679
317 263 86401
318 226 90803
319 211 33346
320 240 64667
321 312 67649
322 204 11186
323 100 65799
324 172 70627
325 27 48328
326 197 90566
327 251 29048
328 276 54008
329 98 11411
330 224 92641
331 46 63275
332 271 74237
333 288 84733
334 184 82756
335 142 69771
336 178 92387
337 184 45837
338 226 6487
339 59 51020
340 56 13917
341 229 16782
342 75 72906
343 221 15508
344 45 53469
345 223 58638
346 101 85842
347 12 84550
348 245 98423
349 171 30945
350 324 49094
351 37 59899
352 160 57411
353 298 11367
354 197 69097
355 259 68462
356 245 82369
357 246 82819
358 288 16030
359 334 92752
360 328 66365
361 177 98172
362 29 64859
363 92 15500
364 115 82962
365 172 7841
366 89 32325
367 177 13921
368 256 75445
369 237 28573
370 276 5830
371 254 44988
372 300 23189
373 18 87818
374 365 82693
375 357 18125
376 26 76649
377 217 58450
378 52 65563
379 262 86262
380 35 88524
381 73 73826
382 294 82836
383 69 42180
384 89 19282
385 194 11892
386 169 41824
387 198 60808
388 71 49219
389 154 82523
390 114 22623
391 57 51574
392 115 15243
393 288 90253
394 200 33482
395 229 3648
396 51 87649
397 97 1833
398 334 20076
399 108 1590
400 292 23890
401 26 66492
402 200 12601
403 385 78410
404 131 47813
405 129 63607
406 257 65838
407 72 54661
408 147 13016
409 317 12076
410 403 54300
411 239 15321
412 74 31305
413 401 34674
414 69 13921
415 150 28443
416 314 72557
417 198 1095
418 77 77985
419 117 13544
420 40 23803
421 220 31269
422 358 7556
423 247 8613
424 285 67961
425 218 23923
426 130 6209
427 271 55621
428 179 36889
429 322 95098
430 156 52225
431 268 51172
432 279 42880
433 276 78035
434 200 56534
435 165 55806
436 418 27213
437 372 3404
438 408 59734
439 437 33821
440 377 67298
441 327 51447
442 97 34959
443 29 87724
444 119 16906
445 383 97566
446 344 7446
447 167 95221
448 347 68923
449 120 12448
450 424 80306
451 142 41397
452 354 52225
453 446 14325
454 120 94738
455 241 78342
456 295 25349
457 365 81222
458 326 16695
459 333 88631
460 79 90946
461 23 2046
462 115 63752
463 310 45191
464 123 65887
465 79 67011
466 10 71714
467 264 92988
468 130 15088
469 181 60667