10
478
2 1 92971
3 1 5711
4 3 32760
5 4 32760
6 2 23333
7 3 5711
8 1 92971
9 4 32760
10 9 23333
11 10 92971
12 4 47765
13 9 47765
14 5 23333
15 12 32760
16 7 92971
17 10 47765
18 3 92971
19 13 47765
20 9 47765
21 20 32760
22 9 47765
23 22 32760
24 15 92971
25 3 47765
26 22 23333
27 16 23333
28 14 47765
29 23 92971
30 29 5711
31 2 92971
32 14 92971
33 24 47765
34 14 23333
35 11 47765
36 27 32760
37 3 32760
38 12 92971
39 21 92971
40 2 32760
41 18 47765
42 12 23333
43 33 5711
44 32 32760
45 33 47765
46 43 5711
47 23 47765
48 24 47765
49 17 92971
50 3 92971
51 2 5711
52 25 47765
53 7 32760
54 1 32760
55 18 23333
56 55 32760
57 46 47765
58 15 32760
59 40 92971
60 48 32760
61 51 23333
62 57 32760
63 16 5711
64 35 23333
65 62 92971
66 1 23333
67 43 92971
68 44 47765
69 41 32760
70 14 23333
71 51 32760
72 69 92971
73 13 92971
74 48 32760
75 35 92971
76 72 92971
77 57 92971
78 67 92971
79 25 32760
80 35 32760
81 67 23333
82 69 23333
83 52 47765
84 69 23333
85 22 32760
86 62 23333
87 31 23333
88 20 23333
89 2 92971
90 13 47765
91 70 47765
92 27 47765
93 72 32760
94 15 5711
95 21 92971
96 93 47765
97 81 92971
98 43 47765
99 36 32760
100 37 23333
101 71 47765
102 33 47765
103 61 47765
104 39 47765
105 99 5711
106 21 92971
107 94 92971
108 66 32760
109 16 32760
110 28 23333
111 38 47765
112 5 32760
113 25 5711
114 76 32760
115 49 23333
116 76 47765
117 66 92971
118 29 47765
119 57 5711
120 107 23333
121 51 92971
122 15 47765
123 91 5711
124 28 5711
125 123 92971
126 90 5711
127 21 92971
128 79 5711
129 114 5711
130 38 23333
131 92 47765
132 80 32760
133 34 5711
134 97 32760
135 31 5711
136 25 32760
137 64 47765
138 58 47765
139 77 32760
140 127 92971
141 115 23333
142 31 23333
143 10 23333
144 111 47765
145 24 23333
146 144 23333
147 93 47765
148 80 47765
149 7 32760
150 80 23333
151 19 23333
152 30 5711
153 101 23333
154 41 32760
155 67 47765
156 152 5711
157 95 5711
158 10 23333
159 82 92971
160 61 5711
161 55 32760
162 59 92971
163 118 5711
164 8 5711
165 116 5711
166 129 32760
167 154 5711
168 120 92971
169 128 5711
170 125 23333
171 35 23333
172 8 23333
173 78 47765
174 173 23333
175 165 92971
176 47 32760
177 130 5711
178 149 32760
179 65 5711
180 40 5711
181 100 23333
182 159 92971
183 145 23333
184 72 47765
185 156 47765
186 53 92971
187 97 47765
188 40 5711
189 57 23333
190 158 92971
191 9 32760
192 16 32760
193 45 32760
194 62 23333
195 14 92971
196 18 32760
197 49 23333
198 107 32760
199 138 5711
200 137 32760
201 39 5711
202 49 32760
203 67 23333
204 131 92971
205 176 5711
206 140 5711
207 170 23333
208 156 32760
209 28 92971
210 1 47765
211 70 23333
212 175 92971
213 205 32760
214 202 47765
215 23 32760
216 181 47765
217 76 23333
218 19 5711
219 187 5711
220 115 23333
221 32 5711
222 220 92971
223 193 92971
224 209 32760
225 117 92971
226 67 47765
227 126 92971
228 70 23333
229 120 47765
230 201 92971
231 229 23333
232 29 47765
233 97 92971
234 9 92971
235 39 5711
236 11 47765
237 217 23333
238 57 23333
239 28 92971
240 112 32760
241 139 5711
242 190 32760
243 14 32760
244 102 23333
245 239 32760
246 196 5711
247 232 47765
248 192 92971
249 241 23333
250 23 92971
251 212 32760
252 219 92971
253 4 92971
254 82 47765
255 218 92971
256 172 32760
257 93 32760
258 158 32760
259 32 92971
260 177 5711
261 114 92971
262 66 32760
263 225 47765
264 15 47765
265 18 47765
266 76 5711
267 3 92971
268 160 23333
269 214 32760
270 269 32760
271 193 32760
272 59 47765
273 225 47765
274 212 32760
275 33 92971
276 110 23333
277 266 5711
278 81 92971
279 149 47765
280 158 5711
281 23 47765
282 266 23333
283 177 23333
284 152 92971
285 179 47765
286 57 92971
287 188 5711
288 218 23333
289 267 47765
290 239 5711
291 100 47765
292 204 32760
293 226 23333
294 158 47765
295 158 32760
296 214 92971
297 134 47765
298 253 92971
299 67 23333
300 198 92971
301 207 92971
302 112 92971
303 26 5711
304 210 92971
305 276 47765
306 141 23333
307 304 23333
308 82 47765
309 233 47765
310 162 32760
311 74 92971
312 140 32760
313 226 23333
314 193 23333
315 206 92971
316 198 92971
317 219 92971
318 100 23333
319 61 47765
320 312 32760
321 97 92971
322 145 92971
323 228 32760
324 233 47765
325 193 32760
326 173 23333
327 292 32760
328 252 32760
329 161 23333
330 41 47765
331 214 23333
332 36 32760
333 159 23333
334 237 5711
335 69 5711
336 115 23333
337 22 32760
338 127 5711
339 44 5711
340 56 47765
341 80 23333
342 25 5711
343 3 47765
344 262 5711
345 207 23333
346 114 32760
347 120 23333
348 201 47765
349 48 92971
350 196 23333
351 60 32760
352 337 23333
353 185 92971
354 323 92971
355 170 32760
356 203 47765
357 246 32760
358 291 23333
359 294 92971
360 17 5711
361 247 5711
362 287 47765
363 157 32760
364 162 92971
365 222 23333
366 334 92971
367 94 5711
368 119 23333
369 125 92971
370 25 92971
371 223 32760
372 126 5711
373 368 32760
374 83 47765
375 73 47765
376 246 47765
377 8 5711
378 7 92971
379 290 23333
380 184 32760
381 207 92971
382 210 5711
383 120 23333
384 285 23333
385 55 47765
386 384 47765
387 386 5711
388 367 32760
389 182 47765
390 26 23333
391 208 92971
392 338 32760
393 108 23333
394 190 32760
395 295 32760
396 107 32760
397 81 92971
398 264 5711
399 44 5711
400 335 23333
401 12 92971
402 340 32760
403 146 92971
404 383 47765
405 105 47765
406 254 23333
407 48 92971
408 15 47765
409 242 23333
410 79 47765
411 232 47765
412 154 23333
413 227 32760
414 133 23333
415 43 23333
416 286 47765
417 95 47765
418 303 92971
419 324 5711
420 272 32760
421 393 32760
422 286 5711
423 208 92971
424 176 92971
425 13 23333
426 153 32760
427 212 32760
428 391 32760
429 8 23333
430 20 92971
431 141 47765
432 87 92971
433 166 92971
434 283 5711
435 84 5711
436 226 23333
437 78 5711
438 73 92971
439 88 23333
440 329 92971
441 9 92971
442 119 47765
443 148 23333
444 180 23333
445 385 23333
446 399 92971
447 146 92971
448 290 92971
449 373 23333
450 91 92971
451 309 92971
452 189 32760
453 446 5711
454 265 47765
455 174 92971
456 59 5711
457 196 5711
458 78 32760
459 26 23333
460 244 5711
461 86 5711
462 37 47765
463 288 32760
464 214 92971
465 401 92971
466 464 32760
467 89 23333
468 263 23333
469 356 23333
470 273 32760
471 358 92971
472 115 32760
473 129 23333
474 407 5711
475 343 47765
476 2 23333
477 181 5711
478 42 92971
479
2 1 16945
3 1 45446
4 1 91364
5 4 91364
6 4 56505
7 4 27354
8 7 30567
9 8 91364
10 9 79443
11 7 16945
12 8 16945
13 12 16945
14 9 56505
15 11 56505
16 13 79443
17 15 56505
18 15 30567
19 16 27354
20 15 30567
21 20 84364
22 18 91364
23 20 56505
24 21 45446
25 22 45446
26 23 16945
27 22 45446
28 23 45446
29 24 56505
30 25 79443
31 30 91364
32 30 79443
33 31 16945
34 33 16945
35 33 27354
36 31 84364
37 35 45446
38 37 79443
39 37 84364
40 35 79443
41 36 56505
42 37 45446
43 42 91364
44 42 79443
45 43 79443
46 43 27354
47 42 16945
48 44 45446
49 46 84364
50 48 27354
51 50 16945
52 48 16945
53 49 56505
54 51 30567
55 53 27354
56 51 56505
57 53 91364
58 55 16945
59 56 27354
60 56 30567
61 56 79443
62 59 27354
63 58 27354
64 60 27354
65 60 91364
66 62 84364
67 64 45446
68 63 84364
69 68 27354
70 67 16945
71 68 56505
72 70 56505
73 71 79443
74 71 79443
75 70 27354
76 72 56505
77 76 27354
78 74 45446
79 78 16945
80 75 30567
81 77 84364
82 80 56505
83 78 79443
84 80 45446
85 82 79443
86 82 91364
87 83 79443
88 84 56505
89 86 45446
90 85 79443
91 86 91364
92 90 79443
93 92 84364
94 89 30567
95 92 79443
96 93 56505
97 93 16945
98 94 30567
99 98 16945
100 99 84364
101 97 56505
102 100 84364
103 98 30567
104 102 56505
105 103 45446
106 103 84364
107 104 84364
108 103 84364
109 107 79443
110 105 27354
111 109 56505
112 110 91364
113 110 56505
114 110 84364
115 113 16945
116 115 79443
117 114 16945
118 116 45446
119 118 91364
120 118 27354
121 120 79443
122 118 79443
123 119 56505
124 119 30567
125 120 84364
126 123 16945
127 126 84364
128 123 84364
129 126 79443
130 126 27354
131 126 91364
132 131 84364
133 129 45446
134 133 30567
135 133 16945
136 131 91364
137 132 30567
138 133 30567
139 138 45446
140 138 84364
141 140 56505
142 138 79443
143 139 16945
144 142 91364
145 143 27354
146 141 45446
147 142 56505
148 147 79443
149 145 27354
150 148 84364
151 150 27354
152 147 84364
153 151 16945
154 149 27354
155 153 91364
156 152 56505
157 155 45446
158 157 79443
159 154 91364
160 158 45446
161 160 30567
162 158 30567
163 160 30567
164 162 84364
165 160 91364
166 161 27354
167 164 16945
168 164 45446
169 165 45446
170 166 79443
171 166 56505
172 167 30567
173 170 91364
174 172 56505
175 172 79443
176 172 45446
177 174 79443
178 175 30567
179 178 79443
180 179 84364
181 180 30567
182 180 56505
183 182 91364
184 183 16945
185 181 16945
186 183 27354
187 182 84364
188 183 84364
189 185 16945
190 188 79443
191 187 30567
192 189 27354
193 188 56505
194 189 45446
195 193 91364
196 195 45446
197 192 79443
198 197 79443
199 198 79443
200 199 91364
201 199 30567
202 199 79443
203 198 45446
204 199 27354
205 203 27354
206 202 91364
207 204 30567
208 203 16945
209 206 79443
210 207 84364
211 206 45446
212 210 27354
213 212 27354
214 213 30567
215 211 79443
216 213 16945
217 214 30567
218 214 56505
219 218 45446
220 215 27354
221 220 45446
222 217 56505
223 222 79443
224 221 56505
225 220 45446
226 221 79443
227 224 30567
228 223 30567
229 224 56505
230 227 91364
231 229 79443
232 227 45446
233 230 91364
234 230 56505
235 233 30567
236 232 79443
237 234 16945
238 237 45446
239 235 84364
240 237 84364
241 239 16945
242 241 79443
243 240 79443
244 242 84364
245 243 16945
246 244 16945
247 246 84364
248 246 27354
249 246 30567
250 247 79443
251 250 56505
252 248 84364
253 251 91364
254 250 45446
255 254 84364
256 255 45446
257 252 91364
258 253 27354
259 254 30567
260 259 45446
261 256 45446
262 259 84364
263 259 79443
264 261 91364
265 261 91364
266 261 84364
267 265 16945
268 265 56505
269 268 56505
270 267 84364
271 266 45446
272 270 56505
273 269 27354
274 271 30567
275 272 30567
276 271 79443
277 272 84364
278 273 27354
279 276 84364
280 275 16945
281 279 84364
282 280 79443
283 280 45446
284 282 91364
285 280 84364
286 282 56505
287 285 27354
288 285 56505
289 284 27354
290 288 91364
291 290 56505
292 287 16945
293 289 79443
294 292 45446
295 292 27354
296 295 84364
297 296 91364
298 293 30567
299 297 30567
300 299 91364
301 296 79443
302 299 30567
303 298 16945
304 300 16945
305 301 16945
306 302 45446
307 306 30567
308 304 56505
309 308 79443
310 308 56505
311 309 45446
312 310 56505
313 312 30567
314 310 16945
315 313 45446
316 311 30567
317 312 16945
318 316 16945
319 317 91364
320 317 45446
321 320 27354
322 318 45446
323 322 16945
324 323 91364
325 322 79443
326 325 56505
327 323 30567
328 325 79443
329 328 56505
330 327 84364
331 330 27354
332 329 79443
333 328 30567
334 333 27354
335 332 56505
336 335 91364
337 333 45446
338 334 56505
339 336 84364
340 336 56505
341 336 56505
342 341 84364
343 339 84364
344 343 91364
345 344 16945
346 345 91364
347 346 91364
348 347 79443
349 346 91364
350 347 27354
351 349 91364
352 350 56505
353 350 84364
354 351 45446
355 353 30567
356 353 45446
357 356 91364
358 354 79443
359 354 91364
360 355 30567
361 357 16945
362 357 56505
363 358 16945
364 360 30567
365 363 56505
366 362 30567
367 362 30567
368 363 27354
369 367 16945
370 368 56505
371 369 27354
372 367 79443
373 369 16945
374 373 27354
375 374 91364
376 373 84364
377 375 27354
378 375 84364
379 377 27354
380 375 45446
381 380 16945
382 381 16945
383 381 84364
384 379 16945
385 383 45446
386 381 45446
387 386 30567
388 384 30567
389 387 30567
390 389 79443
391 388 79443
392 390 79443
393 391 84364
394 390 91364
395 394 45446
396 392 30567
397 394 30567
398 393 45446
399 398 45446
400 396 79443
401 399 45446
402 397 91364
403 402 45446
404 403 91364
405 400 30567
406 403 27354
407 405 30567
408 404 16945
409 406 30567
410 408 45446
411 406 84364
412 408 56505
413 412 84364
414 411 30567
415 411 79443
416 411 27354
417 415 84364
418 413 45446
419 418 16945
420 415 45446
421 419 30567
422 419 27354
423 422 79443
424 419 45446
425 424 91364
426 424 45446
427 425 27354
428 426 27354
429 428 84364
430 425 84364
431 426 16945
432 429 30567
433 431 79443
434 430 27354
435 434 45446
436 435 79443
437 436 27354
438 437 45446
439 435 56505
440 438 45446
441 440 45446
442 438 27354
443 442 27354
444 440 27354
445 443 79443
446 441 91364
447 446 91364
448 443 27354
449 445 56505
450 447 79443
451 448 30567
452 448 79443
453 450 91364
454 449 91364
455 450 27354
456 455 30567
457 455 56505
458 454 56505
459 456 91364
460 455 45446
461 457 45446
462 460 45446
463 462 84364
464 462 30567
465 462 16945
466 462 27354
467 464 45446
468 463 79443
469 468 79443
470 467 84364
471 468 91364
472 467 56505
473 470 45446
474 469 27354
475 473 27354
476 473 16945
477 472 45446
478 475 16945
479 477 45446
474
2 1 39318
3 1 39398
4 2 8422
5 3 39318
6 4 39318
7 5 40100
8 5 90391
9 4 39398
10 3 40100
11 3 40100
12 10 90391
13 12 31853
14 3 40100
15 7 90391
16 2 44876
17 10 90391
18 7 39398
19 9 39318
20 16 39398
21 8 18333
22 17 90391
23 17 39398
24 22 31853
25 14 39318
26 23 39318
27 12 39398
28 22 40100
29 18 44876
30 15 90391
31 13 40100
32 14 39398
33 8 31853
34 33 90391
35 16 90391
36 16 44876
37 33 39398
38 35 40100
39 1 31853
40 17 90391
41 17 90391
42 5 90391
43 40 44876
44 25 18333
45 40 31853
46 33 39318
47 29 90391
48 1 18333
49 15 8422
50 43 31853
51 36 39398
52 4 39318
53 50 18333
54 53 44876
55 34 8422
56 29 44876
57 28 90391
58 46 39318
59 5 39318
60 18 44876
61 2 39318
62 42 39318
63 31 40100
64 33 8422
65 32 40100
66 59 90391
67 6 40100
68 46 18333
69 28 18333
70 19 39398
71 6 31853
72 13 18333
73 71 39318
74 67 8422
75 71 40100
76 48 44876
77 50 8422
78 38 39318
79 5 40100
80 73 90391
81 76 39318
82 69 40100
83 38 8422
84 38 8422
85 79 8422
86 76 39398
87 51 40100
88 51 90391
89 2 31853
90 12 18333
91 73 90391
92 37 8422
93 35 90391
94 32 90391
95 43 31853
96 74 39398
97 2 31853
98 50 8422
99 80 39318
100 60 90391
101 64 31853
102 73 18333
103 68 44876
104 97 90391
105 6 8422
106 79 90391
107 81 39318
108 37 90391
109 102 39318
110 94 40100
111 71 44876
112 45 90391
113 76 31853
114 13 8422
115 19 31853
116 53 8422
117 28 39318
118 88 90391
119 90 39398
120 21 31853
121 100 44876
122 114 18333
123 111 90391
124 93 31853
125 108 44876
126 86 90391
127 92 39318
128 50 44876
129 54 44876
130 71 44876
131 66 39398
132 79 8422
133 26 31853
134 90 39398
135 44 8422
136 101 8422
137 59 39398
138 46 44876
139 81 90391
140 81 31853
141 45 44876
142 119 39318
143 124 8422
144 65 8422
145 116 39318
146 78 39398
147 16 90391
148 71 44876
149 131 39398
150 89 39398
151 100 40100
152 60 39318
153 53 39318
154 41 90391
155 19 39318
156 99 40100
157 29 90391
158 82 90391
159 74 90391
160 123 90391
161 81 44876
162 39 18333
163 158 39318
164 11 40100
165 13 44876
166 69 39398
167 68 18333
168 54 44876
169 66 44876
170 61 90391
171 19 31853
172 167 39318
173 58 90391
174 54 40100
175 157 44876
176 76 8422
177 5 90391
178 130 31853
179 62 39318
180 93 39398
181 14 8422
182 72 31853
183 38 39398
184 59 18333
185 66 44876
186 85 90391
187 78 39318
188 5 40100
189 19 39318
190 128 8422
191 132 44876
192 176 40100
193 146 90391
194 9 8422
195 103 44876
196 7 90391
197 89 8422
198 132 44876
199 19 39398
200 184 90391
201 15 18333
202 166 39318
203 142 40100
204 138 39398
205 149 40100
206 39 90391
207 36 40100
208 110 18333
209 22 39398
210 84 44876
211 121 18333
212 5 8422
213 85 40100
214 180 90391
215 176 39398
216 72 90391
217 151 40100
218 99 8422
219 199 8422
220 105 8422
221 180 39398
222 88 39398
223 60 40100
224 174 31853
225 83 40100
226 162 39318
227 209 39318
228 208 18333
229 134 31853
230 28 8422
231 45 31853
232 6 44876
233 205 31853
234 160 44876
235 87 31853
236 144 40100
237 170 40100
238 215 40100
239 145 18333
240 48 39318
241 74 31853
242 102 40100
243 134 90391
244 49 31853
245 46 39318
246 193 31853
247 26 18333
248 168 44876
249 56 8422
250 76 40100
251 16 40100
252 211 18333
253 118 39318
254 160 18333
255 35 90391
256 210 18333
257 228 31853
258 80 44876
259 183 44876
260 220 39398
261 37 18333
262 85 18333
263 231 44876
264 198 90391
265 225 44876
266 156 40100
267 160 90391
268 15 8422
269 114 39398
270 72 90391
271 25 44876
272 202 31853
273 228 39398
274 220 31853
275 17 31853
276 105 8422
277 19 8422
278 200 40100
279 103 8422
280 229 40100
281 137 18333
282 69 90391
283 9 31853
284 219 39398
285 197 39398
286 103 31853
287 116 39318
288 127 18333
289 105 90391
290 1 90391
291 268 44876
292 151 39318
293 41 90391
294 30 44876
295 246 90391
296 99 18333
297 191 39318
298 281 39318
299 261 31853
300 86 31853
301 48 90391
302 258 31853
303 144 40100
304 247 40100
305 265 18333
306 281 39398
307 100 39318
308 202 90391
309 55 44876
310 28 18333
311 274 90391
312 208 39398
313 197 8422
314 99 31853
315 276 31853
316 267 18333
317 231 39398
318 287 8422
319 16 39318
320 162 18333
321 133 44876
322 205 44876
323 214 39398
324 77 44876
325 26 31853
326 288 40100
327 121 44876
328 124 44876
329 171 40100
330 82 31853
331 226 31853
332 147 31853
333 32 40100
334 287 90391
335 26 39318
336 180 40100
337 93 39318
338 259 8422
339 185 40100
340 25 39398
341 231 31853
342 103 31853
343 298 18333
344 68 39318
345 289 90391
346 20 39398
347 113 39318
348 31 40100
349 78 44876
350 58 39398
351 319 40100
352 319 40100
353 145 90391
354 63 39398
355 24 18333
356 279 44876
357 149 40100
358 26 39398
359 165 90391
360 197 90391
361 304 39318
362 295 44876
363 21 39318
364 113 39318
365 338 31853
366 95 39318
367 302 44876
368 325 90391
369 51 90391
370 133 31853
371 368 8422
372 133 8422
373 181 31853
374 269 90391
375 225 18333
376 20 31853
377 17 44876
378 327 90391
379 158 40100
380 310 8422
381 173 8422
382 287 44876
383 195 40100
384 255 31853
385 243 18333
386 117 31853
387 75 90391
388 117 44876
389 209 39318
390 87 39398
391 381 39398
392 198 39318
393 332 8422
394 182 39318
395 258 39398
396 153 90391
397 227 44876
398 74 18333
399 150 39398
400 216 90391
401 192 8422
402 350 31853
403 191 90391
404 371 90391
405 371 8422
406 332 44876
407 104 31853
408 397 44876
409 385 44876
410 217 44876
411 13 40100
412 142 39318
413 85 44876
414 142 90391
415 251 18333
416 267 39398
417 301 40100
418 346 18333
419 137 39398
420 203 39318
421 294 18333
422 149 39398
423 230 31853
424 217 31853
425 273 8422
426 39 39398
427 189 18333
428 167 39318
429 382 31853
430 194 31853
431 225 40100
432 347 8422
433 105 39318
434 299 40100
435 420 44876
436 85 18333
437 189 40100
438 236 8422
439 419 8422
440 107 18333
441 36 31853
442 223 39398
443 427 90391
444 140 39398
445 48 40100
446 100 31853
447 280 90391
448 418 90391
449 196 40100
450 431 18333
451 48 8422
452 44 18333
453 104 40100
454 274 90391
455 69 39318
456 289 39398
457 387 44876
458 176 90391
459 419 40100
460 340 8422
461 76 8422
462 167 90391
463 35 8422
464 155 18333
465 304 8422
466 271 8422
467 245 39398
468 64 40100
469 73 39318
470 177 39398
471 299 90391
472 201 39398
473 79 39398
474 160 39398
461
2 1 26448
3 1 15556
4 2 26448
5 3 26448
6 1 28339
7 1 14509
8 5 51561
9 5 28339
10 4 4729
11 3 51561
12 7 28339
13 8 4729
14 7 28339
15 12 14509
16 9 26448
17 14 4729
18 12 28339
19 17 15556
20 19 26448
21 20 26448
22 11 14509
23 6 14509
24 23 28339
25 10 4729
26 2 15556
27 14 26448
28 12 15556
29 23 15556
30 10 4729
31 25 15556
32 29 26448
33 18 26448
34 22 15556
35 34 15556
36 9 26448
37 3 26448
38 13 51561
39 29 51561
40 14 28339
41 8 28339
42 30 28339
43 25 14509
44 35 26448
45 28 26448
46 43 14509
47 32 51561
48 8 51561
49 29 14509
50 29 15556
51 25 51561
52 37 15556
53 15 4729
54 18 14509
55 22 15556
56 46 15556
57 31 51561
58 23 15556
59 15 15556
60 8 26448
61 27 26448
62 31 15556
63 10 15556
64 11 26448
65 44 26448
66 56 28339
67 28 51561
68 54 26448
69 10 15556
70 44 28339
71 2 4729
72 39 26448
73 19 15556
74 16 15556
75 33 4729
76 21 4729
77 50 51561
78 24 15556
79 9 14509
80 41 28339
81 19 14509
82 31 14509
83 1 28339
84 25 15556
85 13 26448
86 9 26448
87 74 15556
88 61 26448
89 69 14509
90 44 28339
91 76 28339
92 89 51561
93 6 4729
94 52 26448
95 34 15556
96 56 15556
97 40 28339
98 2 51561
99 45 28339
100 99 51561
101 28 14509
102 47 26448
103 50 4729
104 36 26448
105 88 15556
106 104 28339
107 47 28339
108 21 51561
109 80 14509
110 10 14509
111 8 28339
112 59 4729
113 40 28339
114 25 51561
115 89 14509
116 16 26448
117 84 51561
118 57 26448
119 26 26448
120 117 15556
121 23 4729
122 101 14509
123 52 4729
124 69 14509
125 13 51561
126 52 28339
127 8 28339
128 9 28339
129 37 15556
130 67 14509
131 30 4729
132 90 51561
133 70 14509
134 18 14509
135 108 26448
136 19 26448
137 52 26448
138 63 28339
139 128 14509
140 80 26448
141 11 14509
142 120 14509
143 129 15556
144 122 28339
145 97 4729
146 36 26448
147 98 15556
148 47 14509
149 34 4729
150 134 14509
151 75 14509
152 141 4729
153 10 26448
154 8 4729
155 151 51561
156 53 51561
157 122 14509
158 110 26448
159 44 15556
160 136 51561
161 143 15556
162 16 14509
163 128 51561
164 94 15556
165 51 14509
166 148 28339
167 118 26448
168 142 14509
169 82 26448
170 34 15556
171 135 4729
172 16 15556
173 55 28339
174 53 15556
175 102 26448
176 49 14509
177 33 4729
178 136 15556
179 125 15556
180 19 4729
181 29 51561
182 140 14509
183 141 28339
184 163 26448
185 9 26448
186 50 51561
187 68 14509
188 116 4729
189 1 15556
190 156 14509
191 88 15556
192 147 4729
193 82 28339
194 97 28339
195 53 26448
196 165 4729
197 49 4729
198 148 14509
199 118 28339
200 30 51561
201 175 28339
202 50 51561
203 134 26448
204 38 26448
205 68 51561
206 164 4729
207 42 15556
208 77 28339
209 204 28339
210 199 4729
211 87 14509
212 189 4729
213 30 14509
214 125 14509
215 80 14509
216 180 28339
217 48 14509
218 162 28339
219 34 4729
220 212 15556
221 76 51561
222 31 28339
223 161 15556
224 164 15556
225 26 15556
226 182 15556
227 154 4729
228 146 15556
229 119 51561
230 37 26448
231 189 28339
232 217 15556
233 214 4729
234 8 15556
235 182 28339
236 164 15556
237 170 15556
238 231 26448
239 227 28339
240 198 14509
241 71 4729
242 123 26448
243 125 4729
244 191 15556
245 65 51561
246 226 15556
247 79 26448
248 211 14509
249 140 15556
250 179 14509
251 75 28339
252 118 26448
253 170 4729
254 220 15556
255 169 28339
256 39 4729
257 128 28339
258 256 28339
259 252 28339
260 110 28339
261 24 51561
262 161 4729
263 117 51561
264 236 26448
265 107 4729
266 131 26448
267 158 14509
268 235 4729
269 112 15556
270 41 28339
271 199 15556
272 60 14509
273 53 28339
274 64 15556
275 35 26448
276 221 4729
277 118 15556
278 187 28339
279 32 4729
280 125 51561
281 264 4729
282 36 14509
283 116 51561
284 115 51561
285 147 51561
286 189 51561
287 139 15556
288 220 26448
289 76 15556
290 36 28339
291 20 15556
292 12 28339
293 278 15556
294 118 14509
295 18 14509
296 186 26448
297 251 15556
298 114 15556
299 202 14509
300 73 26448
301 116 4729
302 82 51561
303 6 26448
304 218 28339
305 155 28339
306 2 26448
307 256 15556
308 13 14509
309 113 14509
310 258 4729
311 240 14509
312 4 28339
313 296 4729
314 7 51561
315 264 28339
316 299 14509
317 250 14509
318 214 14509
319 27 15556
320 194 28339
321 93 26448
322 4 4729
323 60 14509
324 107 14509
325 83 26448
326 61 14509
327 81 26448
328 298 14509
329 226 51561
330 175 15556
331 17 4729
332 200 14509
333 308 26448
334 82 4729
335 159 51561
336 41 26448
337 268 26448
338 96 28339
339 257 4729
340 100 51561
341 102 28339
342 165 14509
343 335 4729
344 212 26448
345 265 15556
346 122 14509
347 207 4729
348 186 51561
349 237 28339
350 178 28339
351 329 15556
352 233 15556
353 163 14509
354 253 51561
355 155 26448
356 302 14509
357 41 26448
358 22 28339
359 164 51561
360 159 14509
361 226 26448
362 56 26448
363 78 28339
364 166 28339
365 142 4729
366 29 14509
367 311 28339
368 246 15556
369 364 26448
370 239 4729
371 98 15556
372 293 51561
373 157 28339
374 63 14509
375 369 15556
376 363 4729
377 47 15556
378 101 26448
379 76 26448
380 351 15556
381 90 4729
382 320 26448
383 293 28339
384 355 51561
385 210 4729
386 191 14509
387 258 28339
388 161 51561
389 354 28339
390 235 4729
391 17 14509
392 331 26448
393 313 15556
394 180 26448
395 266 28339
396 188 28339
397 84 14509
398 265 51561
399 356 26448
400 80 4729
401 96 15556
402 32 28339
403 57 51561
404 91 14509
405 118 28339
406 398 26448
407 272 4729
408 366 14509
409 45 28339
410 307 28339
411 74 4729
412 259 4729
413 310 4729
414 271 14509
415 209 4729
416 48 14509
417 255 28339
418 356 14509
419 241 28339
420 290 4729
421 103 14509
422 32 28339
423 208 4729
424 64 15556
425 347 14509
426 127 51561
427 137 4729
428 326 14509
429 319 51561
430 222 14509
431 193 51561
432 64 4729
433 43 15556
434 136 28339
435 145 28339
436 348 26448
437 396 14509
438 177 14509
439 184 4729
440 9 14509
441 351 26448
442 212 51561
443 118 4729
444 11 14509
445 89 51561
446 235 26448
447 304 28339
448 8 14509
449 446 26448
450 23 28339
451 106 14509
452 179 28339
453 188 14509
454 38 26448
455 176 14509
456 196 14509
457 211 28339
458 318 4729
459 99 51561
460 436 51561
461 255 28339
450
2 1 98021
3 1 98021
4 1 98021
5 4 98021
6 4 98021
7 2 98021
8 4 98021
9 4 98021
10 9 98021
11 10 98021
12 7 98021
13 12 98021
14 10 98021
15 12 98021
16 14 98021
17 15 98021
18 14 98021
19 14 98021
20 19 98021
21 17 98021
22 21 98021
23 21 98021
24 21 98021
25 24 98021
26 23 98021
27 24 98021
28 26 98021
29 28 98021
30 27 98021
31 27 98021
32 29 98021
33 31 98021
34 32 98021
35 34 98021
36 34 98021
37 32 98021
38 37 98021
39 38 98021
40 39 98021
41 37 98021
42 40 98021
43 42 98021
44 39 98021
45 41 98021
46 41 98021
47 44 98021
48 47 98021
49 45 98021
50 46 98021
51 46 98021
52 47 98021
53 52 98021
54 49 98021
55 51 98021
56 54 98021
57 56 98021
58 56 98021
59 56 98021
60 57 98021
61 60 98021
62 61 98021
63 61 98021
64 60 98021
65 63 98021
66 65 98021
67 66 98021
68 67 98021
69 67 98021
70 65 98021
71 66 98021
72 70 98021
73 70 98021
74 72 98021
75 70 98021
76 73 98021
77 76 98021
78 73 98021
79 75 98021
80 78 98021
81 80 98021
82 77 98021
83 82 98021
84 79 98021
85 84 98021
86 81 98021
87 86 98021
88 86 98021
89 86 98021
90 85 98021
91 89 98021
92 90 98021
93 89 98021
94 89 98021
95 91 98021
96 95 98021
97 94 98021
98 93 98021
99 96 98021
100 98 98021
101 97 98021
102 97 98021
103 98 98021
104 102 98021
105 104 98021
106 104 98021
107 102 98021
108 105 98021
109 107 98021
110 107 98021
111 108 98021
112 107 98021
113 110 98021
114 112 98021
115 110 98021
116 113 98021
117 116 98021
118 115 98021
119 117 98021
120 119 98021
121 117 98021
122 117 98021
123 121 98021
124 120 98021
125 121 98021
126 125 98021
127 125 98021
128 127 98021
129 125 98021
130 126 98021
131 127 98021
132 128 98021
133 128 98021
134 130 98021
135 133 98021
136 132 98021
137 133 98021
138 137 98021
139 135 98021
140 139 98021
141 140 98021
142 141 98021
143 142 98021
144 139 98021
145 142 98021
146 141 98021
147 146 98021
148 144 98021
149 147 98021
150 145 98021
151 146 98021
152 147 98021
153 150 98021
154 151 98021
155 153 98021
156 153 98021
157 155 98021
158 153 98021
159 154 98021
160 159 98021
161 159 98021
162 159 98021
163 162 98021
164 160 98021
165 164 98021
166 162 98021
167 163 98021
168 166 98021
169 165 98021
170 169 98021
171 167 98021
172 169 98021
173 168 98021
174 171 98021
175 173 98021
176 174 98021
177 176 98021
178 174 98021
179 174 98021
180 178 98021
181 176 98021
182 177 98021
183 182 98021
184 181 98021
185 184 98021
186 183 98021
187 182 98021
188 184 98021
189 185 98021
190 189 98021
191 188 98021
192 191 98021
193 190 98021
194 192 98021
195 193 98021
196 191 98021
197 193 98021
198 193 98021
199 198 98021
200 199 98021
201 197 98021
202 199 98021
203 202 98021
204 201 98021
205 201 98021
206 205 98021
207 202 98021
208 203 98021
209 207 98021
210 208 98021
211 210 98021
212 210 98021
213 210 98021
214 213 98021
215 210 98021
216 213 98021
217 215 98021
218 215 98021
219 214 98021
220 217 98021
221 216 98021
222 220 98021
223 220 98021
224 221 98021
225 221 98021
226 222 98021
227 223 98021
228 225 98021
229 228 98021
230 226 98021
231 226 98021
232 229 98021
233 232 98021
234 230 98021
235 230 98021
236 233 98021
237 235 98021
238 234 98021
239 235 98021
240 237 98021
241 240 98021
242 238 98021
243 242 98021
244 240 98021
245 244 98021
246 245 98021
247 244 98021
248 245 98021
249 245 98021
250 249 98021
251 248 98021
252 248 98021
253 249 98021
254 253 98021
255 254 98021
256 254 98021
257 254 98021
258 255 98021
259 258 98021
260 258 98021
261 256 98021
262 259 98021
263 259 98021
264 262 98021
265 262 98021
266 264 98021
267 266 98021
268 266 98021
269 265 98021
270 268 98021
271 268 98021
272 269 98021
273 270 98021
274 271 98021
275 273 98021
276 272 98021
277 272 98021
278 274 98021
279 278 98021
280 276 98021
281 279 98021
282 280 98021
283 282 98021
284 281 98021
285 283 98021
286 282 98021
287 284 98021
288 284 98021
289 285 98021
290 287 98021
291 287 98021
292 290 98021
293 292 98021
294 291 98021
295 292 98021
296 295 98021
297 295 98021
298 293 98021
299 294 98021
300 297 98021
301 299 98021
302 299 98021
303 302 98021
304 302 98021
305 300 98021
306 305 98021
307 303 98021
308 304 98021
309 308 98021
310 305 98021
311 306 98021
312 308 98021
313 309 98021
314 313 98021
315 313 98021
316 314 98021
317 314 98021
318 315 98021
319 318 98021
320 318 98021
321 319 98021
322 321 98021
323 318 98021
324 321 98021
325 321 98021
326 324 98021
327 325 98021
328 324 98021
329 327 98021
330 326 98021
331 328 98021
332 329 98021
333 331 98021
334 331 98021
335 334 98021
336 334 98021
337 334 98021
338 337 98021
339 336 98021
340 336 98021
341 339 98021
342 340 98021
343 342 98021
344 340 98021
345 340 98021
346 341 98021
347 346 98021
348 345 98021
349 346 98021
350 347 98021
351 350 98021
352 347 98021
353 348 98021
354 351 98021
355 351 98021
356 354 98021
357 352 98021
358 355 98021
359 357 98021
360 357 98021
361 356 98021
362 359 98021
363 358 98021
364 362 98021
365 362 98021
366 365 98021
367 364 98021
368 365 98021
369 367 98021
370 368 98021
371 368 98021
372 370 98021
373 369 98021
374 373 98021
375 372 98021
376 373 98021
377 376 98021
378 376 98021
379 376 98021
380 377 98021
381 377 98021
382 379 98021
383 379 98021
384 379 98021
385 382 98021
386 384 98021
387 384 98021
388 386 98021
389 385 98021
390 385 98021
391 390 98021
392 391 98021
393 388 98021
394 393 98021
395 393 98021
396 391 98021
397 395 98021
398 397 98021
399 394 98021
400 398 98021
401 398 98021
402 399 98021
403 400 98021
404 399 98021
405 401 98021
406 403 98021
407 406 98021
408 406 98021
409 405 98021
410 405 98021
411 409 98021
412 409 98021
413 410 98021
414 410 98021
415 414 98021
416 413 98021
417 416 98021
418 414 98021
419 414 98021
420 416 98021
421 419 98021
422 420 98021
423 421 98021
424 420 98021
425 424 98021
426 423 98021
427 426 98021
428 423 98021
429 427 98021
430 425 98021
431 430 98021
432 429 98021
433 429 98021
434 433 98021
435 431 98021
436 434 98021
437 432 98021
438 435 98021
439 436 98021
440 439 98021
441 437 98021
442 438 98021
443 439 98021
444 443 98021
445 441 98021
446 441 98021
447 443 98021
448 445 98021
449 448 98021
450 446 98021
459
2 1 25300
3 2 35398
4 1 35398
5 3 35398
6 5 35398
7 3 35398
8 3 25300
9 7 30196
10 9 35398
11 8 35398
12 8 25300
13 11 25300
14 10 35398
15 12 35398
16 11 35398
17 15 30196
18 13 35398
19 15 30196
20 15 35398
21 18 30196
22 18 25300
23 22 25300
24 19 35398
25 22 30196
26 24 25300
27 26 35398
28 27 30196
29 24 30196
30 26 30196
31 30 30196
32 29 25300
33 32 30196
34 32 30196
35 32 30196
36 32 30196
37 32 25300
38 35 25300
39 35 35398
40 35 30196
41 40 25300
42 41 35398
43 41 35398
44 43 35398
45 40 35398
46 41 30196
47 44 35398
48 47 30196
49 48 30196
50 48 30196
51 48 35398
52 47 30196
53 51 30196
54 51 35398
55 54 30196
56 52 35398
57 54 25300
58 55 30196
59 56 25300
60 59 25300
61 57 25300
62 59 25300
63 59 35398
64 62 25300
65 62 25300
66 62 35398
67 65 35398
68 64 35398
69 68 25300
70 68 30196
71 70 25300
72 71 25300
73 68 25300
74 72 35398
75 71 35398
76 72 25300
77 75 35398
78 73 30196
79 74 35398
80 79 30196
81 79 30196
82 81 35398
83 82 25300
84 80 35398
85 82 30196
86 85 35398
87 85 35398
88 86 25300
89 84 25300
90 88 25300
91 87 25300
92 90 25300
93 91 30196
94 91 30196
95 93 35398
96 95 25300
97 95 30196
98 93 25300
99 98 35398
100 97 25300
101 96 25300
102 101 35398
103 99 30196
104 103 25300
105 100 30196
106 102 35398
107 104 25300
108 107 25300
109 104 35398
110 108 35398
111 106 30196
112 108 30196
113 108 30196
114 112 30196
115 111 25300
116 114 30196
117 114 25300
118 113 30196
119 115 25300
120 115 30196
121 118 30196
122 120 35398
123 118 25300
124 121 30196
125 124 30196
126 121 35398
127 122 30196
128 126 30196
129 125 30196
130 126 30196
131 128 35398
132 129 30196
133 132 30196
134 130 35398
135 130 25300
136 131 35398
137 134 30196
138 135 25300
139 138 35398
140 138 30196
141 139 25300
142 141 25300
143 139 30196
144 142 35398
145 141 25300
146 141 30196
147 142 25300
148 143 30196
149 148 25300
150 149 30196
151 147 30196
152 148 30196
153 152 30196
154 149 35398
155 152 30196
156 153 25300
157 154 25300
158 153 25300
159 156 25300
160 155 35398
161 157 35398
162 157 30196
163 158 35398
164 159 25300
165 160 35398
166 164 30196
167 164 30196
168 165 30196
169 164 35398
170 167 25300
171 167 30196
172 168 25300
173 172 25300
174 171 30196
175 170 35398
176 171 30196
177 176 35398
178 174 35398
179 176 30196
180 175 30196
181 177 35398
182 180 25300
183 180 35398
184 179 25300
185 184 35398
186 184 35398
187 182 25300
188 184 30196
189 185 25300
190 186 30196
191 186 35398
192 191 30196
193 191 35398
194 192 35398
195 190 35398
196 192 35398
197 192 35398
198 194 30196
199 196 30196
200 196 25300
201 200 30196
202 200 25300
203 200 25300
204 203 25300
205 200 30196
206 202 30196
207 204 35398
208 207 25300
209 207 25300
210 205 30196
211 209 30196
212 211 30196
213 211 35398
214 212 30196
215 212 35398
216 211 30196
217 213 25300
218 215 25300
219 216 35398
220 219 25300
221 218 30196
222 221 25300
223 218 30196
224 219 25300
225 221 25300
226 222 30196
227 224 25300
228 226 25300
229 225 25300
230 229 25300
231 229 30196
232 228 30196
233 232 30196
234 233 30196
235 232 35398
236 233 35398
237 232 30196
238 235 25300
239 238 25300
240 235 35398
241 237 30196
242 240 25300
243 241 25300
244 241 30196
245 241 25300
246 241 30196
247 242 25300
248 244 25300
249 245 30196
250 246 35398
251 247 25300
252 251 25300
253 248 30196
254 252 25300
255 253 30196
256 254 25300
257 253 30196
258 256 30196
259 257 35398
260 259 25300
261 256 30196
262 259 25300
263 261 30196
264 259 25300
265 261 30196
266 264 30196
267 266 35398
268 263 35398
269 266 25300
270 267 30196
271 269 30196
272 268 35398
273 268 25300
274 273 25300
275 270 25300
276 274 30196
277 275 30196
278 277 25300
279 278 35398
280 278 30196
281 277 35398
282 280 35398
283 282 35398
284 283 35398
285 280 35398
286 284 25300
287 282 35398
288 284 30196
289 287 25300
290 286 25300
291 287 25300
292 289 30196
293 288 35398
294 292 25300
295 290 30196
296 293 25300
297 292 25300
298 296 35398
299 295 25300
300 295 25300
301 297 35398
302 300 25300
303 300 35398
304 302 30196
305 302 25300
306 303 25300
307 304 30196
308 307 30196
309 307 35398
310 308 25300
311 308 25300
312 310 25300
313 310 30196
314 313 30196
315 313 35398
316 314 25300
317 315 30196
318 317 30196
319 317 30196
320 318 35398
321 319 30196
322 319 30196
323 322 30196
324 323 25300
325 321 25300
326 323 35398
327 325 25300
328 326 30196
329 324 25300
330 329 25300
331 327 35398
332 327 30196
333 331 30196
334 333 30196
335 334 35398
336 333 35398
337 333 25300
338 337 25300
339 337 30196
340 337 30196
341 336 30196
342 338 25300
343 342 25300
344 341 35398
345 343 35398
346 342 35398
347 344 35398
348 347 25300
349 345 35398
350 345 30196
351 349 35398
352 350 25300
353 351 35398
354 350 25300
355 353 35398
356 355 25300
357 353 25300
358 357 35398
359 355 30196
360 355 30196
361 358 30196
362 360 35398
363 360 35398
364 361 30196
365 364 30196
366 363 25300
367 363 30196
368 364 30196
369 366 35398
370 368 35398
371 366 30196
372 370 30196
373 369 25300
374 373 30196
375 370 30196
376 373 30196
377 373 25300
378 373 30196
379 375 25300
380 378 25300
381 380 30196
382 379 35398
383 378 25300
384 381 25300
385 384 30196
386 381 35398
387 384 25300
388 384 35398
389 386 35398
390 387 25300
391 388 35398
392 387 35398
393 390 35398
394 392 35398
395 392 30196
396 395 35398
397 392 30196
398 395 25300
399 394 30196
400 396 35398
401 397 35398
402 399 30196
403 400 30196
404 403 25300
405 403 35398
406 401 25300
407 404 25300
408 403 30196
409 406 35398
410 408 35398
411 410 25300
412 408 35398
413 411 30196
414 409 35398
415 411 35398
416 414 35398
417 416 25300
418 413 35398
419 415 30196
420 415 30196
421 417 30196
422 421 25300
423 419 35398
424 422 25300
425 422 35398
426 424 30196
427 424 25300
428 427 35398
429 425 30196
430 429 30196
431 428 25300
432 429 25300
433 428 25300
434 430 25300
435 430 30196
436 431 35398
437 433 30196
438 436 25300
439 436 30196
440 437 35398
441 437 25300
442 437 35398
443 439 30196
444 439 30196
445 440 25300
446 441 30196
447 444 35398
448 446 30196
449 445 30196
450 445 25300
451 449 25300
452 448 25300
453 451 35398
454 451 30196
455 453 30196
456 455 30196
457 456 35398
458 453 25300
459 454 30196
456
1 2 24733
2 3 313
3 4 81816
3 5 81816
5 6 52199
5 7 18839
5 8 313
6 9 81816
9 10 24733
10 11 64891
11 12 64475
10 13 52199
10 14 24733
14 15 24733
14 16 18839
14 17 52199
15 18 64475
10 19 81816
19 20 24733
17 21 18839
10 22 18839
22 23 49
20 24 313
15 25 64891
24 26 52199
26 27 86285
27 28 64891
22 29 86285
25 30 86285
30 31 52199
31 32 64891
32 33 64891
30 34 64891
25 35 86285
32 36 18839
30 37 64891
37 38 24733
27 39 64475
32 40 18839
32 41 313
31 42 86285
38 43 64475
42 44 18839
38 45 49
11 46 52199
42 47 86285
46 48 52199
48 49 64891
47 50 81816
42 51 313
50 52 49
51 53 64475
49 54 64891
49 55 313
51 56 81816
47 57 52199
32 58 313
50 59 64475
45 60 18839
47 61 52199
56 62 18839
60 63 24733
62 64 86285
45 65 49
59 66 81816
56 67 24733
45 68 52199
54 69 49
42 70 81816
66 71 81816
28 72 64475
38 73 24733
72 74 18839
54 75 313
72 76 52199
64 77 52199
67 78 24733
60 79 81816
77 80 64475
47 81 86285
79 82 49
78 83 24733
82 84 64475
49 85 86285
76 86 64891
83 87 52199
83 88 64475
65 89 86285
68 90 64475
85 91 81816
88 92 81816
50 93 52199
36 94 64891
64 95 24733
65 96 313
63 97 49
92 98 24733
86 99 313
92 100 24733
63 101 64891
79 102 24733
83 103 49
90 104 81816
75 105 64475
104 106 64475
82 107 52199
106 108 18839
102 109 64891
92 110 52199
84 111 64891
88 112 313
77 113 86285
51 114 64891
102 115 313
96 116 18839
113 117 52199
107 118 52199
109 119 52199
99 120 49
117 121 18839
49 122 52199
96 123 52199
83 124 313
100 125 24733
123 126 86285
121 127 49
116 128 52199
93 129 24733
93 130 64891
113 131 313
115 132 52199
59 133 86285
117 134 64475
70 135 18839
130 136 49
106 137 49
129 138 24733
102 139 64475
133 140 313
139 141 81816
99 142 18839
111 143 52199
68 144 24733
110 145 81816
141 146 313
139 147 86285
136 148 64891
131 149 64475
143 150 81816
119 151 86285
135 152 49
99 153 24733
140 154 24733
112 155 24733
155 156 24733
149 157 64475
82 158 86285
145 159 52199
138 160 18839
140 161 64891
151 162 52199
155 163 81816
150 164 86285
144 165 81816
163 166 81816
163 167 86285
166 168 64891
79 169 81816
122 170 18839
166 171 313
153 172 18839
140 173 64475
153 174 86285
172 175 81816
132 176 52199
156 177 81816
144 178 24733
140 179 86285
155 180 49
154 181 313
169 182 24733
142 183 64891
111 184 49
86 185 24733
180 186 64891
106 187 313
182 188 49
153 189 64891
174 190 24733
180 191 52199
150 192 18839
189 193 52199
86 194 18839
193 195 86285
195 196 86285
191 197 81816
167 198 64475
183 199 49
199 200 81816
185 201 18839
196 202 24733
183 203 64475
93 204 313
195 205 49
193 206 18839
142 207 18839
154 208 64475
167 209 24733
155 210 81816
188 211 52199
168 212 81816
180 213 86285
208 214 18839
190 215 64475
161 216 81816
208 217 52199
175 218 86285
192 219 49
217 220 86285
217 221 64475
220 222 81816
215 223 18839
207 224 64475
216 225 86285
174 226 81816
221 227 24733
188 228 24733
212 229 64475
181 230 313
137 231 86285
228 232 64891
224 233 24733
143 234 64891
196 235 64891
221 236 49
211 237 52199
185 238 24733
216 239 64475
205 240 64891
161 241 24733
236 242 49
193 243 52199
185 244 64475
227 245 24733
200 246 49
227 247 49
247 248 64891
227 249 52199
203 250 52199
243 251 86285
247 252 86285
224 253 49
242 254 313
133 255 24733
243 256 81816
210 257 313
251 258 86285
252 259 64891
239 260 49
230 261 52199
231 262 64891
186 263 52199
216 264 64475
184 265 81816
188 266 81816
256 267 313
263 268 64475
246 269 64475
259 270 64891
218 271 64475
211 272 24733
272 273 24733
198 274 18839
236 275 18839
266 276 81816
219 277 64891
225 278 64891
273 279 52199
279 280 52199
245 281 81816
209 282 49
269 283 81816
280 284 86285
275 285 313
257 286 18839
229 287 49
250 288 24733
202 289 24733
244 290 313
201 291 81816
285 292 313
282 293 81816
272 294 64891
289 295 64475
289 296 49
247 297 81816
289 298 64475
277 299 64475
248 300 52199
281 301 18839
226 302 24733
261 303 86285
281 304 313
263 305 49
281 306 52199
226 307 313
293 308 64891
233 309 52199
277 310 18839
304 311 313
308 312 52199
262 313 64891
237 314 81816
258 315 64475
250 316 24733
307 317 24733
316 318 81816
303 319 313
276 320 24733
176 321 18839
302 322 64475
307 323 86285
259 324 64891
318 325 18839
278 326 86285
311 327 81816
284 328 52199
168 329 81816
317 330 313
323 331 49
322 332 49
243 333 64475
324 334 18839
253 335 49
314 336 24733
258 337 313
237 338 24733
306 339 64891
209 340 81816
289 341 18839
270 342 81816
253 343 313
309 344 64475
262 345 64475
188 346 52199
327 347 81816
325 348 313
343 349 49
281 350 49
303 351 52199
319 352 24733
318 353 24733
251 354 313
337 355 49
236 356 86285
353 357 64475
299 358 64891
268 359 52199
351 360 49
311 361 24733
241 362 81816
328 363 64475
332 364 64475
357 365 18839
347 366 81816
345 367 49
304 368 64891
323 369 81816
338 370 24733
294 371 52199
292 372 81816
317 373 24733
352 374 64891
346 375 24733
242 376 313
320 377 81816
354 378 64891
273 379 52199
155 380 64475
346 381 64475
376 382 81816
373 383 313
345 384 52199
353 385 81816
219 386 81816
326 387 81816
370 388 24733
368 389 49
255 390 81816
358 391 313
370 392 313
218 393 81816
387 394 86285
196 395 313
338 396 313
350 397 86285
260 398 24733
384 399 18839
396 400 18839
347 401 24733
319 402 49
226 403 24733
367 404 81816
330 405 52199
348 406 81816
350 407 86285
405 408 313
321 409 64891
335 410 52199
357 411 52199
374 412 64891
407 413 313
398 414 81816
305 415 64475
407 416 49
379 417 81816
416 418 52199
382 419 64891
308 420 24733
262 421 81816
336 422 49
369 423 52199
422 424 24733
374 425 64891
388 426 18839
389 427 24733
346 428 64475
426 429 313
320 430 18839
326 431 49
377 432 18839
377 433 18839
205 434 313
311 435 313
336 436 64891
424 437 18839
412 438 313
391 439 81816
420 440 52199
410 441 86285
341 442 49
156 443 18839
428 444 64891
438 445 64891
405 446 313
438 447 64475
274 448 24733
406 449 52199
414 450 18839
436 451 313
387 452 81816
301 453 86285
200 454 52199
276 455 86285
382 456 52199
497
2 1 79959
3 1 17806
4 2 7300
5 3 17806
6 3 17806
7 6 17806
8 6 79959
9 6 79959
10 9 79959
11 8 79959
12 11 7300
13 9 17806
14 13 17806
15 12 17806
16 14 7300
17 15 7300
18 13 79959
19 18 17806
20 17 7300
21 18 79959
22 17 79959
23 19 79959
24 23 79959
25 24 7300
26 21 79959
27 23 79959
28 24 7300
29 24 79959
30 27 17806
31 27 17806
32 27 7300
33 29 17806
34 31 17806
35 32 79959
36 34 7300
37 34 7300
38 35 79959
39 35 79959
40 35 79959
41 38 79959
42 38 7300
43 41 17806
44 41 79959
45 42 7300
46 43 17806
47 45 79959
48 44 17806
49 46 79959
50 48 17806
51 50 79959
52 50 7300
53 49 17806
54 53 17806
55 54 17806
56 51 7300
57 53 79959
58 56 79959
59 55 17806
60 58 17806
61 57 17806
62 61 7300
63 60 17806
64 59 7300
65 62 7300
66 62 7300
67 65 17806
68 67 79959
69 64 79959
70 67 17806
71 66 17806
72 71 79959
73 71 7300
74 71 79959
75 71 17806
76 73 79959
77 75 79959
78 76 79959
79 74 17806
80 76 79959
81 79 79959
82 81 7300
83 79 7300
84 80 7300
85 84 79959
86 85 17806
87 83 7300
88 87 7300
89 87 17806
90 87 79959
91 90 17806
92 91 79959
93 88 7300
94 89 17806
95 94 79959
96 91 7300
97 93 17806
98 95 79959
99 95 17806
100 98 7300
101 97 79959
102 99 7300
103 99 17806
104 99 7300
105 103 17806
106 105 17806
107 106 79959
108 105 7300
109 106 17806
110 109 7300
111 110 7300
112 110 7300
113 109 79959
114 110 79959
115 113 79959
116 113 7300
117 113 7300
118 116 79959
119 117 79959
120 116 7300
121 118 17806
122 117 7300
123 119 17806
124 119 17806
125 124 79959
126 125 7300
127 122 17806
128 124 79959
129 128 79959
130 125 17806
131 126 79959
132 131 17806
133 128 79959
134 130 7300
135 133 7300
136 134 7300
137 134 17806
138 133 17806
139 138 7300
140 139 7300
141 138 17806
142 141 17806
143 138 17806
144 139 79959
145 143 79959
146 142 79959
147 144 7300
148 143 79959
149 145 17806
150 148 7300
151 147 7300
152 148 17806
153 150 17806
154 153 7300
155 154 79959
156 155 79959
157 154 7300
158 154 79959
159 158 79959
160 158 7300
161 157 7300
162 159 79959
163 158 7300
164 163 17806
165 161 17806
166 165 79959
167 163 17806
168 163 17806
169 165 79959
170 167 17806
171 168 79959
172 168 7300
173 170 17806
174 172 17806
175 171 17806
176 175 17806
177 176 79959
178 173 79959
179 175 7300
180 177 17806
181 177 79959
182 180 79959
183 181 79959
184 181 79959
185 182 7300
186 182 79959
187 182 79959
188 185 17806
189 185 7300
190 188 7300
191 189 7300
192 187 79959
193 188 17806
194 191 7300
195 194 79959
196 193 79959
197 196 7300
198 195 7300
199 194 79959
200 195 79959
201 196 7300
202 201 17806
203 202 79959
204 200 17806
205 200 79959
206 202 17806
207 204 7300
208 207 79959
209 204 79959
210 206 79959
211 210 7300
212 210 17806
213 210 79959
214 211 79959
215 212 79959
216 214 7300
217 214 7300
218 215 7300
219 216 7300
220 216 17806
221 216 7300
222 221 79959
223 222 79959
224 223 17806
225 220 79959
226 223 7300
227 223 17806
228 227 17806
229 225 79959
230 229 7300
231 226 79959
232 228 17806
233 230 7300
234 232 79959
235 230 7300
236 231 17806
237 233 79959
238 237 7300
239 238 17806
240 239 17806
241 237 79959
242 241 79959
243 241 7300
244 242 7300
245 241 17806
246 244 17806
247 242 79959
248 243 7300
249 246 17806
250 246 7300
251 248 7300
252 251 17806
253 252 17806
254 252 79959
255 253 17806
256 251 79959
257 252 17806
258 254 7300
259 258 7300
260 258 7300
261 256 17806
262 258 79959
263 258 79959
264 263 79959
265 262 79959
266 265 79959
267 263 79959
268 263 79959
269 264 79959
270 267 17806
271 267 7300
272 271 79959
273 270 17806
274 271 79959
275 271 79959
276 271 7300
277 273 79959
278 273 79959
279 277 17806
280 275 79959
281 277 7300
282 280 17806
283 282 7300
284 283 7300
285 280 79959
286 282 7300
287 285 79959
288 286 7300
289 286 17806
290 288 79959
291 290 79959
292 289 7300
293 289 17806
294 293 17806
295 290 7300
296 292 79959
297 294 17806
298 297 79959
299 298 79959
300 296 17806
301 297 79959
302 297 79959
303 300 79959
304 299 17806
305 301 17806
306 305 79959
307 304 17806
308 303 7300
309 305 7300
310 305 17806
311 309 7300
312 307 79959
313 308 7300
314 312 7300
315 313 17806
316 312 79959
317 313 17806
318 315 7300
319 314 7300
320 315 17806
321 320 79959
322 318 7300
323 318 7300
324 322 79959
325 320 17806
326 325 17806
327 322 7300
328 327 79959
329 325 7300
330 329 7300
331 329 79959
332 328 79959
333 328 17806
334 333 7300
335 332 79959
336 334 17806
337 332 17806
338 333 7300
339 334 79959
340 335 17806
341 339 79959
342 338 79959
343 341 17806
344 341 7300
345 344 7300
346 343 79959
347 343 79959
348 344 7300
349 344 79959
350 348 7300
351 347 17806
352 351 79959
353 352 79959
354 352 79959
355 354 79959
356 351 79959
357 353 17806
358 356 17806
359 354 17806
360 355 79959
361 359 17806
362 361 7300
363 359 79959
364 361 17806
365 360 17806
366 365 79959
367 365 17806
368 366 79959
369 365 79959
370 369 17806
371 368 79959
372 368 7300
373 368 79959
374 369 79959
375 370 17806
376 371 17806
377 374 79959
378 375 7300
379 376 7300
380 377 79959
381 379 7300
382 378 17806
383 381 17806
384 382 7300
385 381 17806
386 381 79959
387 385 7300
388 386 7300
389 384 17806
390 387 7300
391 390 7300
392 389 17806
393 391 17806
394 390 79959
395 392 17806
396 391 7300
397 394 7300
398 397 17806
399 397 79959
400 399 17806
401 397 17806
402 398 17806
403 402 7300
404 402 7300
405 401 17806
406 404 17806
407 402 17806
408 404 7300
409 405 17806
410 405 7300
411 410 7300
412 407 7300
413 409 79959
414 409 7300
415 413 7300
416 411 79959
417 413 17806
418 416 79959
419 416 79959
420 417 17806
421 418 79959
422 421 79959
423 420 79959
424 420 79959
425 423 79959
426 422 17806
427 424 79959
428 424 79959
429 427 7300
430 427 79959
431 428 17806
432 431 79959
433 429 7300
434 432 7300
435 431 79959
436 432 7300
437 436 7300
438 435 17806
439 438 7300
440 436 79959
441 437 79959
442 440 7300
443 439 7300
444 443 79959
445 441 7300
446 443 17806
447 442 17806
448 447 79959
449 447 7300
450 448 7300
451 446 17806
452 451 17806
453 451 79959
454 450 7300
455 451 17806
456 454 7300
457 454 7300
458 454 7300
459 457 17806
460 455 7300
461 456 7300
462 459 17806
463 461 79959
464 460 17806
465 464 17806
466 465 79959
467 465 7300
468 465 7300
469 468 17806
470 469 17806
471 466 17806
472 470 7300
473 470 7300
474 469 7300
475 471 17806
476 475 17806
477 474 79959
478 473 7300
479 474 17806
480 479 79959
481 478 17806
482 481 7300
483 482 79959
484 482 79959
485 482 79959
486 484 17806
487 482 17806
488 487 17806
489 486 17806
490 489 7300
491 486 17806
492 490 79959
493 492 79959
494 489 79959
495 494 7300
496 495 79959
497 493 17806
452
2 1 4727
3 1 64057
4 1 4727
5 4 4727
6 3 4727
7 3 64057
8 7 4727
9 4 64057
10 9 64057
11 7 64057
12 10 64057
13 8 64057
14 9 4727
15 13 4727
16 15 64057
17 12 4727
18 15 64057
19 16 64057
20 17 64057
21 17 64057
22 19 64057
23 21 64057
24 21 64057
25 20 4727
26 23 4727
27 24 4727
28 23 64057
29 26 4727
30 25 4727
31 30 4727
32 29 4727
33 29 64057
34 30 64057
35 33 4727
36 32 4727
37 34 64057
38 35 64057
39 34 4727
40 38 64057
41 39 64057
42 40 4727
43 40 64057
44 42 64057
45 42 4727
46 44 4727
47 44 4727
48 47 64057
49 47 64057
50 47 64057
51 46 64057
52 50 4727
53 48 64057
54 51 64057
55 52 4727
56 55 64057
57 53 64057
58 56 64057
59 55 64057
60 55 4727
61 58 4727
62 61 4727
63 58 64057
64 59 4727
65 62 64057
66 65 4727
67 62 64057
68 67 4727
69 68 64057
70 66 64057
71 70 4727
72 68 64057
73 68 4727
74 72 64057
75 72 4727
76 74 64057
77 73 4727
78 76 4727
79 77 64057
80 75 4727
81 77 4727
82 81 4727
83 80 4727
84 79 64057
85 83 4727
86 81 4727
87 86 4727
88 85 64057
89 88 4727
90 88 64057
91 89 64057
92 90 4727
93 88 4727
94 93 64057
95 91 4727
96 94 4727
97 94 64057
98 96 64057
99 97 4727
100 97 64057
101 98 64057
102 98 4727
103 102 64057
104 102 4727
105 104 4727
106 102 4727
107 106 64057
108 104 64057
109 105 64057
110 107 4727
111 106 4727
112 108 64057
113 112 64057
114 113 64057
115 110 4727
116 113 64057
117 115 4727
118 114 4727
119 116 4727
120 118 64057
121 119 64057
122 119 64057
123 122 4727
124 121 4727
125 120 64057
126 124 64057
127 126 64057
128 126 64057
129 125 64057
130 128 4727
131 128 64057
132 129 64057
133 128 4727
134 133 4727
135 132 4727
136 134 4727
137 133 4727
138 133 64057
139 135 4727
140 137 64057
141 139 64057
142 141 4727
143 139 64057
144 142 4727
145 143 4727
146 145 4727
147 146 64057
148 146 4727
149 144 4727
150 146 4727
151 149 64057
152 150 64057
153 149 4727
154 153 4727
155 151 64057
156 152 4727
157 155 4727
158 157 4727
159 154 4727
160 158 4727
161 159 4727
162 157 64057
163 160 64057
164 160 64057
165 164 4727
166 164 4727
167 166 4727
168 166 4727
169 164 64057
170 167 4727
171 166 4727
172 170 64057
173 169 64057
174 169 4727
175 174 4727
176 173 4727
177 172 4727
178 174 64057
179 175 64057
180 179 4727
181 177 64057
182 180 4727
183 179 4727
184 183 4727
185 183 64057
186 182 4727
187 186 4727
188 184 64057
189 184 4727
190 187 4727
191 188 4727
192 188 64057
193 189 64057
194 191 64057
195 190 64057
196 193 64057
197 193 4727
198 193 4727
199 197 64057
200 196 4727
201 200 4727
202 197 4727
203 198 4727
204 199 4727
205 203 4727
206 204 64057
207 205 4727
208 206 4727
209 206 64057
210 207 64057
211 207 4727
212 207 4727
213 208 4727
214 212 4727
215 211 4727
216 214 4727
217 213 4727
218 216 64057
219 214 4727
220 217 4727
221 219 4727
222 217 4727
223 219 4727
224 223 64057
225 221 64057
226 225 64057
227 226 4727
228 225 64057
229 227 64057
230 226 4727
231 226 4727
232 229 4727
233 232 4727
234 229 4727
235 234 64057
236 231 4727
237 233 4727
238 234 64057
239 236 64057
240 236 64057
241 238 4727
242 241 64057
243 241 64057
244 242 4727
245 243 64057
246 245 4727
247 242 64057
248 245 4727
249 246 64057
250 246 4727
251 249 4727
252 249 4727
253 250 64057
254 250 4727
255 252 4727
256 253 4727
257 255 64057
258 257 64057
259 254 4727
260 259 64057
261 258 64057
262 258 64057
263 259 4727
264 260 64057
265 260 64057
266 265 4727
267 266 64057
268 264 64057
269 267 4727
270 267 64057
271 270 64057
272 268 64057
273 268 64057
274 270 4727
275 270 64057
276 272 64057
277 273 4727
278 274 4727
279 276 64057
280 276 64057
281 279 4727
282 279 4727
283 281 64057
284 280 4727
285 281 64057
286 281 64057
287 286 64057
288 286 4727
289 285 4727
290 287 4727
291 286 64057
292 291 4727
293 289 64057
294 289 4727
295 292 64057
296 293 4727
297 292 4727
298 296 64057
299 296 4727
300 296 64057
301 297 4727
302 299 64057
303 299 4727
304 302 4727
305 300 4727
306 301 4727
307 303 4727
308 303 4727
309 304 4727
310 307 4727
311 308 4727
312 309 4727
313 310 4727
314 309 4727
315 312 64057
316 314 64057
317 315 64057
318 316 4727
319 314 4727
320 318 4727
321 317 64057
322 321 64057
323 318 4727
324 320 4727
325 320 64057
326 324 64057
327 324 64057
328 324 4727
329 328 4727
330 327 4727
331 326 4727
332 328 4727
333 330 64057
334 331 64057
335 330 4727
336 335 4727
337 332 4727
338 336 4727
339 337 64057
340 335 64057
341 338 64057
342 338 64057
343 341 4727
344 340 4727
345 343 4727
346 342 4727
347 345 4727
348 343 64057
349 347 64057
350 348 4727
351 349 4727
352 350 64057
353 350 64057
354 350 64057
355 353 64057
356 355 4727
357 356 64057
358 353 64057
359 357 64057
360 359 64057
361 358 64057
362 359 64057
363 359 64057
364 362 64057
365 362 64057
366 362 4727
367 362 4727
368 367 64057
369 366 64057
370 368 4727
371 367 4727
372 369 4727
373 372 64057
374 373 64057
375 374 4727
376 373 4727
377 372 64057
378 374 64057
379 377 4727
380 376 64057
381 380 4727
382 381 64057
383 379 4727
384 382 64057
385 381 64057
386 384 4727
387 386 64057
388 385 4727
389 384 4727
390 388 64057
391 386 4727
392 388 4727
393 390 64057
394 392 64057
395 391 64057
396 394 4727
397 394 4727
398 395 64057
399 398 64057
400 399 64057
401 396 4727
402 398 64057
403 401 4727
404 403 64057
405 403 64057
406 401 64057
407 403 4727
408 407 64057
409 405 4727
410 408 64057
411 410 64057
412 410 4727
413 412 64057
414 413 64057
415 412 64057
416 413 4727
417 413 64057
418 416 4727
419 414 4727
420 415 64057
421 417 4727
422 418 4727
423 419 64057
424 419 4727
425 424 4727
426 422 4727
427 425 64057
428 423 4727
429 425 4727
430 425 4727
431 428 4727
432 431 4727
433 429 64057
434 430 64057
435 431 64057
436 432 64057
437 434 4727
438 434 64057
439 437 4727
440 436 64057
441 439 64057
442 437 4727
443 442 4727
444 442 4727
445 443 64057
446 441 4727
447 443 64057
448 446 4727
449 444 64057
450 445 64057
451 450 4727
452 449 4727
451
2 1 316
3 1 8181
4 2 316
5 2 8181
6 1 8181
7 2 8181
8 3 8181
9 8 316
10 2 316
11 5 316
12 4 316
13 8 8181
14 6 316
15 12 316
16 7 8181
17 10 316
18 6 8181
19 7 8181
20 18 316
21 1 8181
22 10 8181
23 1 316
24 14 8181
25 16 316
26 6 316
27 23 8181
28 18 316
29 25 316
30 18 316
31 14 8181
32 18 316
33 18 8181
34 2 8181
35 8 316
36 11 316
37 18 8181
38 24 8181
39 26 8181
40 34 8181
41 15 8181
42 15 316
43 41 316
44 19 8181
45 19 316
46 41 316
47 22 316
48 42 316
49 32 316
50 38 316
51 23 316
52 30 8181
53 1 316
54 52 8181
55 5 8181
56 1 316
57 10 316
58 23 8181
59 19 8181
60 51 8181
61 8 316
62 60 316
63 7 316
64 7 316
65 5 316
66 13 8181
67 5 8181
68 27 8181
69 21 316
70 67 8181
71 52 8181
72 9 8181
73 21 8181
74 16 316
75 47 316
76 20 316
77 9 316
78 58 8181
79 43 8181
80 36 8181
81 78 316
82 20 8181
83 1 8181
84 46 8181
85 33 8181
86 43 8181
87 26 316
88 4 8181
89 37 316
90 2 316
91 89 316
92 15 8181
93 24 316
94 66 8181
95 45 316
96 23 8181
97 13 8181
98 71 8181
99 40 316
100 6 316
101 68 316
102 51 8181
103 8 316
104 14 316
105 79 8181
106 58 8181
107 71 316
108 27 8181
109 88 316
110 109 316
111 106 8181
112 78 316
113 56 316
114 28 8181
115 93 8181
116 96 8181
117 6 8181
118 9 316
119 33 316
120 103 316
121 54 316
122 29 8181
123 55 316
124 52 8181
125 70 8181
126 60 8181
127 27 8181
128 85 316
129 27 8181
130 37 316
131 71 316
132 34 316
133 57 8181
134 125 8181
135 128 8181
136 105 316
137 136 8181
138 77 8181
139 114 316
140 40 316
141 43 316
142 95 316
143 27 8181
144 123 8181
145 35 316
146 13 316
147 50 316
148 17 316
149 45 316
150 19 8181
151 18 8181
152 47 8181
153 33 316
154 97 316
155 19 8181
156 13 316
157 134 8181
158 68 316
159 4 316
160 3 316
161 155 316
162 45 8181
163 62 8181
164 55 8181
165 9 316
166 84 8181
167 89 316
168 40 316
169 149 316
170 153 316
171 104 8181
172 157 8181
173 165 316
174 150 8181
175 152 8181
176 136 8181
177 66 8181
178 122 316
179 66 8181
180 138 316
181 116 8181
182 41 8181
183 89 316
184 63 8181
185 105 8181
186 59 316
187 65 8181
188 7 316
189 81 316
190 5 316
191 64 316
192 54 8181
193 50 316
194 89 316
195 5 316
196 167 8181
197 113 8181
198 126 316
199 2 8181
200 182 316
201 121 316
202 42 8181
203 199 316
204 156 8181
205 76 8181
206 102 8181
207 123 316
208 142 8181
209 138 8181
210 4 8181
211 47 316
212 136 8181
213 88 8181
214 123 8181
215 171 316
216 154 8181
217 82 316
218 84 8181
219 63 316
220 26 316
221 77 8181
222 4 8181
223 103 316
224 167 316
225 164 316
226 88 316
227 7 316
228 173 316
229 219 316
230 7 8181
231 228 316
232 191 8181
233 137 316
234 161 8181
235 186 8181
236 190 8181
237 215 8181
238 217 316
239 152 8181
240 9 316
241 46 8181
242 185 8181
243 7 316
244 148 8181
245 62 316
246 78 316
247 83 8181
248 145 8181
249 146 316
250 238 8181
251 73 316
252 143 316
253 71 8181
254 24 316
255 140 316
256 135 8181
257 130 316
258 118 8181
259 179 8181
260 98 8181
261 121 8181
262 161 316
263 237 316
264 153 8181
265 248 316
266 139 316
267 109 316
268 148 8181
269 110 8181
270 123 316
271 141 8181
272 44 316
273 3 316
274 98 316
275 64 316
276 181 316
277 204 8181
278 238 316
279 203 8181
280 96 8181
281 226 8181
282 264 8181
283 194 8181
284 152 8181
285 284 316
286 89 8181
287 20 8181
288 108 316
289 103 8181
290 57 8181
291 287 316
292 256 316
293 97 8181
294 94 8181
295 39 316
296 236 8181
297 35 316
298 218 8181
299 90 8181
300 51 8181
301 49 316
302 46 8181
303 99 8181
304 166 316
305 220 316
306 73 8181
307 242 8181
308 39 8181
309 228 8181
310 218 316
311 288 316
312 165 8181
313 48 8181
314 182 316
315 176 8181
316 36 316
317 214 316
318 37 8181
319 293 8181
320 176 8181
321 256 316
322 59 8181
323 15 8181
324 186 316
325 141 8181
326 206 8181
327 57 8181
328 271 316
329 246 316
330 89 8181
331 279 316
332 45 316
333 12 316
334 109 8181
335 69 316
336 296 8181
337 142 316
338 262 316
339 34 8181
340 170 8181
341 280 8181
342 233 316
343 41 8181
344 302 316
345 256 316
346 31 8181
347 341 316
348 319 316
349 346 8181
350 333 8181
351 272 316
352 17 8181
353 132 8181
354 17 8181
355 175 8181
356 306 316
357 271 8181
358 212 8181
359 332 8181
360 83 8181
361 156 316
362 135 8181
363 152 316
364 87 316
365 135 8181
366 338 8181
367 217 8181
368 182 8181
369 237 8181
370 286 316
371 126 8181
372 198 8181
373 258 8181
374 346 8181
375 258 8181
376 151 316
377 293 8181
378 64 8181
379 33 316
380 122 8181
381 245 8181
382 16 8181
383 34 316
384 46 316
385 374 8181
386 12 316
387 24 316
388 12 8181
389 173 8181
390 370 316
391 65 8181
392 14 8181
393 105 316
394 98 316
395 369 316
396 287 8181
397 94 316
398 104 316
399 317 8181
400 97 8181
401 12 316
402 187 316
403 316 8181
404 108 316
405 237 316
406 169 316
407 197 316
408 130 8181
409 356 316
410 11 8181
411 345 8181
412 159 316
413 57 316
414 319 316
415 181 8181
416 174 316
417 219 8181
418 63 316
419 275 8181
420 196 316
421 277 316
422 196 316
423 158 316
424 256 316
425 210 316
426 138 8181
427 355 8181
428 101 8181
429 245 8181
430 74 8181
431 173 8181
432 52 316
433 159 316
434 317 316
435 99 8181
436 4 8181
437 436 8181
438 125 8181
439 281 316
440 237 8181
441 16 8181
442 189 8181
443 330 8181
444 165 316
445 176 316
446 123 8181
447 389 8181
448 42 8181
449 374 8181
450 64 316
451 268 8181